# X-nullcline
2.95072e-06 1.05 1
2.96347e-06 1.0445 1

2.96364e-06 1.0445 1
2.97697e-06 1.039 1

2.9768e-06 1.039 1
2.99001e-06 1.0335 1

2.99007e-06 1.0335 1
3.00352e-06 1.028 1

3.00357e-06 1.028 1
3.01749e-06 1.0225 1

3.01725e-06 1.0225 1
3.03099e-06 1.017 1

3.03116e-06 1.017 1
3.04542e-06 1.0115 1

3.04525e-06 1.0115 1
3.05986e-06 1.006 1

3.05963e-06 1.006 1
3.0743e-06 1.0005 1

3.07424e-06 1.0005 1
3.08873e-06 0.995 1

3.08896e-06 0.995 1
3.1041e-06 0.9895 1

3.10398e-06 0.9895 1
3.11946e-06 0.984 1

3.11917e-06 0.984 1
3.13437e-06 0.9785 1

3.13472e-06 0.9785 1
3.1502e-06 0.973 1

3.15043e-06 0.973 1
3.16603e-06 0.9675 1

3.16632e-06 0.9675 1
3.18279e-06 0.962 1

3.18262e-06 0.962 1
3.19956e-06 0.9565 1

3.19909e-06 0.9565 1
3.21632e-06 0.951 1

3.21586e-06 0.951 1
3.23309e-06 0.9455 1

3.23285e-06 0.9455 1
3.25032e-06 0.94 1

3.2502e-06 0.94 1
3.26801e-06 0.9345 1

3.26784e-06 0.9345 1
3.28571e-06 0.929 1

3.28576e-06 0.929 1
3.30387e-06 0.9235 1

3.30393e-06 0.9235 1
3.32249e-06 0.918 1

3.32249e-06 0.918 1
3.34112e-06 0.9125 1

3.34129e-06 0.9125 1
3.36021e-06 0.907 1

3.3605e-06 0.907 1
3.38024e-06 0.9015 1

3.37994e-06 0.9015 1
3.39979e-06 0.896 1

3.39973e-06 0.896 1
3.41982e-06 0.8905 1

3.41999e-06 0.8905 1
3.44031e-06 0.885 1

3.4406e-06 0.885 1
3.46126e-06 0.8795 1

3.46149e-06 0.8795 1
3.48315e-06 0.874 1

3.4828e-06 0.874 1
3.5041e-06 0.8685 1

3.50445e-06 0.8685 1
3.52599e-06 0.863 1

3.52657e-06 0.863 1
3.54927e-06 0.8575 1

3.54904e-06 0.8575 1
3.57209e-06 0.852 1

3.57197e-06 0.852 1
3.59537e-06 0.8465 1

3.59531e-06 0.8465 1
3.61912e-06 0.841 1

3.61912e-06 0.841 1
3.6438e-06 0.8355 1

3.64339e-06 0.8355 1
3.66801e-06 0.83 1

3.66819e-06 0.83 1
3.69363e-06 0.8245 1

3.69339e-06 0.8245 1
3.71877e-06 0.819 1

3.719e-06 0.819 1
3.74531e-06 0.8135 1

3.74526e-06 0.8135 1
3.77186e-06 0.808 1

3.77197e-06 0.808 1
3.79933e-06 0.8025 1

3.79933e-06 0.8025 1
3.82727e-06 0.797 1

3.8271e-06 0.797 1
3.85568e-06 0.7915 1

3.85562e-06 0.7915 1
3.88455e-06 0.786 1

3.8846e-06 0.786 1
3.91435e-06 0.7805 1

3.91423e-06 0.7805 1
3.94462e-06 0.775 1

3.9445e-06 0.775 1
3.97535e-06 0.7695 1

3.97535e-06 0.7695 1
4.00702e-06 0.764 1

4.00696e-06 0.764 1
4.03915e-06 0.7585 1

4.0392e-06 0.7585 1
4.07221e-06 0.753 1

4.07215e-06 0.753 1
4.10574e-06 0.7475 1

4.10585e-06 0.7475 1
4.14019e-06 0.742 1

4.14037e-06 0.742 1
4.17558e-06 0.7365 1

4.17553e-06 0.7365 1
4.21144e-06 0.731 1

4.21156e-06 0.731 1
4.24823e-06 0.7255 1

4.2484e-06 0.7255 1
4.28595e-06 0.72 1

4.28618e-06 0.72 1
4.3246e-06 0.7145 1

4.32477e-06 0.7145 1
4.36464e-06 0.709 1

4.36429e-06 0.709 1
4.40469e-06 0.7035 1

4.40481e-06 0.7035 1
4.44613e-06 0.698 1

4.44625e-06 0.698 1
4.48851e-06 0.6925 1

4.48874e-06 0.6925 1
4.53228e-06 0.687 1

4.53228e-06 0.687 1
4.57698e-06 0.6815 1

4.57687e-06 0.6815 1
4.62262e-06 0.676 1

4.62262e-06 0.676 1
4.66965e-06 0.6705 1

4.66959e-06 0.6705 1
4.71761e-06 0.665 1

4.71773e-06 0.665 1
4.76697e-06 0.6595 1

4.76715e-06 0.6595 1
4.81773e-06 0.654 1

4.81779e-06 0.654 1
4.86989e-06 0.6485 1

4.86989e-06 0.6485 1
4.92344e-06 0.643 1

4.92338e-06 0.643 1
4.97838e-06 0.6375 1

4.97827e-06 0.6375 1
5.03473e-06 0.632 1

0.863 0.632181 1
0.858596 0.632 1

0.8685 0.632257 1
0.863 0.632181 1

0.874 0.632174 1
0.8685 0.632257 1

0.877835 0.632 1
0.874 0.632174 1

5.03473e-06 0.632 1
5.09247e-06 0.6265 1

0.819 0.626843 1
0.817368 0.6265 1

0.8245 0.627887 1
0.819 0.626843 1

0.83 0.628839 1
0.8245 0.627887 1

0.8355 0.629692 1
0.83 0.628839 1

0.841 0.630438 1
0.8355 0.629692 1

0.8465 0.63107 1
0.841 0.630438 1

0.852 0.631579 1
0.8465 0.63107 1

0.8575 0.631955 1
0.852 0.631579 1

0.858596 0.632 1
0.8575 0.631955 1

0.877835 0.632 1
0.8795 0.631918 1

0.885 0.631463 1
0.8795 0.631918 1

0.8905 0.630803 1
0.885 0.631463 1

0.896 0.629922 1
0.8905 0.630803 1

0.9015 0.628804 1
0.896 0.629922 1

0.907 0.627433 1
0.9015 0.628804 1

0.910174 0.6265 1
0.907 0.627433 1

5.09276e-06 0.6265 1
5.15254e-06 0.621 1

0.797 0.62171 1
0.794372 0.621 1

0.8025 0.623108 1
0.797 0.62171 1

0.808 0.624434 1
0.8025 0.623108 1

0.8135 0.625685 1
0.808 0.624434 1

0.817368 0.6265 1
0.8135 0.625685 1

0.910174 0.6265 1
0.9125 0.625756 1

0.918 0.623726 1
0.9125 0.625756 1

0.9235 0.621369 1
0.918 0.623726 1

0.924273 0.621 1
0.9235 0.621369 1

5.15243e-06 0.621 1
5.21401e-06 0.6155 1

0.7805 0.617021 1
0.775547 0.6155 1

0.786 0.618651 1
0.7805 0.617021 1

0.7915 0.620223 1
0.786 0.618651 1

0.794372 0.621 1
0.7915 0.620223 1

0.924273 0.621 1
0.929 0.618539 1

0.934164 0.6155 1
0.929 0.618539 1

5.21383e-06 0.6155 1
5.27734e-06 0.61 1

0.764 0.611715 1
0.758985 0.61 1

0.7695 0.613547 1
0.764 0.611715 1

0.775 0.615332 1
0.7695 0.613547 1

0.775547 0.6155 1
0.775 0.615332 1

0.934164 0.6155 1
0.9345 0.615283 1

0.94 0.611418 1
0.9345 0.615283 1

0.941843 0.61 1
0.94 0.611418 1

5.27699e-06 0.61 1
5.3416e-06 0.6045 1

0.7475 0.605857 1
0.743883 0.6045 1

0.753 0.607865 1
0.7475 0.605857 1

0.7585 0.609834 1
0.753 0.607865 1

0.758985 0.61 1
0.7585 0.609834 1

0.941843 0.61 1
0.9455 0.606913 1

0.948144 0.6045 1
0.9455 0.606913 1

5.34201e-06 0.6045 1
5.40912e-06 0.599 1

0.731 0.599502 1
0.729766 0.599 1

0.7365 0.601664 1
0.731 0.599502 1

0.742 0.603794 1
0.7365 0.601664 1

0.743883 0.6045 1
0.742 0.603794 1

0.948144 0.6045 1
0.951 0.601636 1

0.95346 0.599 1
0.951 0.601636 1

5.40895e-06 0.599 1
5.47804e-06 0.5935 1

0.72 0.594998 1
0.716447 0.5935 1

0.7255 0.59727 1
0.72 0.594998 1

0.729766 0.599 1
0.7255 0.59727 1

0.95346 0.599 1
0.9565 0.595413 1

0.958033 0.5935 1
0.9565 0.595413 1

5.47786e-06 0.5935 1
5.54882e-06 0.588 1

0.709 0.590309 1
0.703709 0.588 1

0.7145 0.592682 1
0.709 0.590309 1

0.716447 0.5935 1
0.7145 0.592682 1

0.958033 0.5935 1
0.962 0.588041 1

0.962028 0.588 1
0.962 0.588041 1

5.54894e-06 0.588 1
5.62239e-06 0.5825 1

0.6925 0.582952 1
0.691528 0.5825 1

0.698 0.585441 1
0.6925 0.582952 1

0.7035 0.587909 1
0.698 0.585441 1

0.703709 0.588 1
0.7035 0.587909 1

0.962028 0.588 1
0.965528 0.5825 1

5.62222e-06 0.5825 1
5.69783e-06 0.577 1

0.6815 0.577829 1
0.679769 0.577 1

0.687 0.580404 1
0.6815 0.577829 1

0.691528 0.5825 1
0.687 0.580404 1

0.965528 0.5825 1
0.9675 0.579076 1

0.96865 0.577 1
0.9675 0.579076 1

5.69772e-06 0.577 1
5.7756e-06 0.5715 1

0.6705 0.572548 1
0.66837 0.5715 1

0.676 0.575204 1
0.6705 0.572548 1

0.679769 0.577 1
0.676 0.575204 1

0.96865 0.577 1
0.971437 0.5715 1

5.77566e-06 0.5715 1
5.85616e-06 0.566 1

0.6595 0.567118 1
0.657289 0.566 1

0.665 0.569849 1
0.6595 0.567118 1

0.66837 0.5715 1
0.665 0.569849 1

0.971437 0.5715 1
0.973 0.56811 1

0.973943 0.566 1
0.973 0.56811 1

5.8561e-06 0.566 1
5.93904e-06 0.5605 1

0.6485 0.561543 1
0.646489 0.5605 1

0.654 0.564346 1
0.6485 0.561543 1

0.657289 0.566 1
0.654 0.564346 1

0.973943 0.566 1
0.9762 0.5605 1

5.93904e-06 0.5605 1
6.02519e-06 0.555 1

0.6375 0.55583 1
0.635939 0.555 1

0.643 0.558701 1
0.6375 0.55583 1

0.646489 0.5605 1
0.643 0.558701 1

0.9762 0.5605 1
0.97825 0.555 1

6.02484e-06 0.555 1
6.1132e-06 0.5495 1

0.6265 0.549984 1
0.625611 0.5495 1

0.632 0.55292 1
0.6265 0.549984 1

0.635939 0.555 1
0.632 0.55292 1

0.97825 0.555 1
0.9785 0.554272 1

0.980102 0.5495 1
0.9785 0.554272 1

6.11343e-06 0.5495 1
6.2054e-06 0.544 1

0.6155 0.544009 1
0.615484 0.544 1

0.621 0.547008 1
0.6155 0.544009 1

0.625611 0.5495 1
0.621 0.547008 1

0.980102 0.5495 1
0.98179 0.544 1

6.20505e-06 0.544 1
6.29993e-06 0.5385 1

0.61 0.54097 1
0.605571 0.5385 1

0.615484 0.544 1
0.61 0.54097 1

0.98179 0.544 1
0.983333 0.5385 1

6.29982e-06 0.5385 1
6.39819e-06 0.533 1

0.599 0.534811 1
0.595822 0.533 1

0.6045 0.537907 1
0.599 0.534811 1

0.605571 0.5385 1
0.6045 0.537907 1

0.983333 0.5385 1
0.984 0.535913 1

0.984738 0.533 1
0.984 0.535913 1

6.39784e-06 0.533 1
6.49923e-06 0.5275 1

0.588 0.528535 1
0.586222 0.5275 1

0.5935 0.531687 1
0.588 0.528535 1

0.595822 0.533 1
0.5935 0.531687 1

0.984738 0.533 1
0.986022 0.5275 1

6.49941e-06 0.5275 1
6.60447e-06 0.522 1

0.577 0.522143 1
0.576759 0.522 1

0.5825 0.525352 1
0.577 0.522143 1

0.586222 0.5275 1
0.5825 0.525352 1

0.986022 0.5275 1
0.987198 0.522 1

6.60447e-06 0.522 1
6.71344e-06 0.5165 1

0.5715 0.518905 1
0.567458 0.5165 1

0.576759 0.522 1
0.5715 0.518905 1

0.987198 0.522 1
0.988277 0.5165 1

6.71344e-06 0.5165 1
6.82613e-06 0.511 1

0.5605 0.512349 1
0.558277 0.511 1

0.566 0.51564 1
0.5605 0.512349 1

0.567458 0.5165 1
0.566 0.51564 1

0.988277 0.5165 1
0.989267 0.511 1

6.82642e-06 0.511 1
6.94348e-06 0.5055 1

0.5495 0.505684 1
0.549202 0.5055 1

0.555 0.509031 1
0.5495 0.505684 1

0.558277 0.511 1
0.555 0.509031 1

0.989267 0.511 1
0.9895 0.509597 1

0.990173 0.5055 1
0.9895 0.509597 1

6.94348e-06 0.5055 1
7.06455e-06 0.5 1

0.544 0.502316 1
0.540262 0.5 1

0.549202 0.5055 1
0.544 0.502316 1

0.990173 0.5055 1
0.991004 0.5 1

7.06507e-06 0.5 1
7.19121e-06 0.4945 1

0.533 0.495498 1
0.531418 0.4945 1

0.5385 0.498919 1
0.533 0.495498 1

0.540262 0.5 1
0.5385 0.498919 1

0.991004 0.5 1
0.991768 0.4945 1

7.19127e-06 0.4945 1
7.32252e-06 0.489 1

0.5275 0.492054 1
0.522673 0.489 1

0.531418 0.4945 1
0.5275 0.492054 1

0.991768 0.4945 1
0.99247 0.489 1

7.32252e-06 0.489 1
7.4585e-06 0.4835 1

0.5165 0.485088 1
0.514034 0.4835 1

0.522 0.488579 1
0.5165 0.485088 1

0.522673 0.489 1
0.522 0.488579 1

0.99247 0.489 1
0.993115 0.4835 1

7.45879e-06 0.4835 1
7.60099e-06 0.478 1

0.5055 0.478018 1
0.505472 0.478 1

0.511 0.481569 1
0.5055 0.478018 1

0.514034 0.4835 1
0.511 0.481569 1

0.993115 0.4835 1
0.993707 0.478 1

7.6007e-06 0.478 1
7.74814e-06 0.4725 1

0.5 0.474459 1
0.497015 0.4725 1

0.505472 0.478 1
0.5 0.474459 1

0.993707 0.478 1
0.994252 0.4725 1

7.74837e-06 0.4725 1
7.90227e-06 0.467 1

0.489 0.467248 1
0.488628 0.467 1

0.4945 0.470868 1
0.489 0.467248 1

0.497015 0.4725 1
0.4945 0.470868 1

0.994252 0.4725 1
0.994752 0.467 1

7.9021e-06 0.467 1
8.06246e-06 0.4615 1

0.4835 0.46362 1
0.480332 0.4615 1

0.488628 0.467 1
0.4835 0.46362 1

0.994752 0.467 1
0.995 0.46403 1

0.99521 0.4615 1
0.995 0.46403 1

8.06234e-06 0.4615 1
8.22963e-06 0.456 1

0.4725 0.456269 1
0.472104 0.456 1

0.478 0.459958 1
0.4725 0.456269 1

0.480332 0.4615 1
0.478 0.459958 1

0.99521 0.4615 1
0.995631 0.456 1

8.22946e-06 0.456 1
8.40379e-06 0.4505 1

0.467 0.452574 1
0.463957 0.4505 1

0.472104 0.456 1
0.467 0.452574 1

0.995631 0.456 1
0.996018 0.4505 1

8.40391e-06 0.4505 1
8.58586e-06 0.445 1

0.456 0.445086 1
0.455876 0.445 1

0.4615 0.448846 1
0.456 0.445086 1

0.463957 0.4505 1
0.4615 0.448846 1

0.996018 0.4505 1
0.996372 0.445 1

8.5861e-06 0.445 1
8.77678e-06 0.4395 1

0.4505 0.441328 1
0.447867 0.4395 1

0.455876 0.445 1
0.4505 0.441328 1

0.996372 0.445 1
0.996697 0.4395 1

8.77638e-06 0.4395 1
8.97516e-06 0.434 1

0.445 0.437536 1
0.439923 0.434 1

0.447867 0.4395 1
0.445 0.437536 1

0.996697 0.4395 1
0.996996 0.434 1

8.9755e-06 0.434 1
9.18377e-06 0.4285 1

0.434 0.429883 1
0.432042 0.4285 1

0.4395 0.433709 1
0.434 0.429883 1

0.439923 0.434 1
0.4395 0.433709 1

0.996996 0.434 1
0.997269 0.4285 1

9.18389e-06 0.4285 1
9.40217e-06 0.423 1

0.4285 0.42603 1
0.424226 0.423 1

0.432042 0.4285 1
0.4285 0.42603 1

0.997269 0.4285 1
0.997519 0.423 1

9.40223e-06 0.423 1
9.63127e-06 0.4175 1

0.4175 0.418242 1
0.416468 0.4175 1

0.423 0.422143 1
0.4175 0.418242 1

0.424226 0.423 1
0.423 0.422143 1

0.997519 0.423 1
0.997748 0.4175 1

9.6311e-06 0.4175 1
9.87155e-06 0.412 1

0.412 0.414332 1
0.408768 0.412 1

0.416468 0.4175 1
0.412 0.414332 1

0.997748 0.4175 1
0.997958 0.412 1

9.87126e-06 0.412 1
1.01235e-05 0.4065 1

0.4065 0.410387 1
0.401132 0.4065 1

0.408768 0.412 1
0.4065 0.410387 1

0.997958 0.412 1
0.99815 0.4065 1

1.01235e-05 0.4065 1
1.03884e-05 0.401 1

0.3955 0.40244 1
0.393538 0.401 1

0.401 0.406406 1
0.3955 0.40244 1

0.401132 0.4065 1
0.401 0.406406 1

0.99815 0.4065 1
0.998325 0.401 1

1.03886e-05 0.401 1
1.06674e-05 0.3955 1

0.39 0.398441 1
0.386007 0.3955 1

0.393538 0.401 1
0.39 0.398441 1

0.998325 0.401 1
0.998485 0.3955 1

1.06674e-05 0.3955 1
1.09612e-05 0.39 1

0.379 0.39035 1
0.378531 0.39 1

0.3845 0.394406 1
0.379 0.39035 1

0.386007 0.3955 1
0.3845 0.394406 1

0.998485 0.3955 1
0.99863 0.39 1

1.09612e-05 0.39 1
1.12709e-05 0.3845 1

0.3735 0.386302 1
0.371094 0.3845 1

0.378531 0.39 1
0.3735 0.386302 1

0.99863 0.39 1
0.998763 0.3845 1

1.12709e-05 0.3845 1
1.15978e-05 0.379 1

0.368 0.382218 1
0.363719 0.379 1

0.371094 0.3845 1
0.368 0.382218 1

0.998763 0.3845 1
0.998884 0.379 1

1.15976e-05 0.379 1
1.19433e-05 0.3735 1

0.357 0.373962 1
0.356393 0.3735 1

0.3625 0.378097 1
0.357 0.373962 1

0.363719 0.379 1
0.3625 0.378097 1

0.998884 0.379 1
0.998995 0.3735 1

1.19429e-05 0.3735 1
1.23079e-05 0.368 1

0.3515 0.369833 1
0.3491 0.368 1

0.356393 0.3735 1
0.3515 0.369833 1

0.998995 0.3735 1
0.999095 0.368 1

1.23079e-05 0.368 1
1.26944e-05 0.3625 1

0.346 0.365667 1
0.34187 0.3625 1

0.3491 0.368 1
0.346 0.365667 1

0.999095 0.368 1
0.999186 0.3625 1

1.26945e-05 0.3625 1
1.31042e-05 0.357 1

0.335 0.35724 1
0.334691 0.357 1

0.3405 0.361465 1
0.335 0.35724 1

0.34187 0.3625 1
0.3405 0.361465 1

0.999186 0.3625 1
0.999268 0.357 1

1.31043e-05 0.357 1
1.35391e-05 0.3515 1

0.3295 0.353034 1
0.32753 0.3515 1

0.334691 0.357 1
0.3295 0.353034 1

0.999268 0.357 1
0.999343 0.3515 1

1.35392e-05 0.3515 1
1.4001e-05 0.346 1

0.324 0.348792 1
0.320431 0.346 1

0.32753 0.3515 1
0.324 0.348792 1

0.999343 0.3515 1
0.999411 0.346 1

1.40014e-05 0.346 1
1.44932e-05 0.3405 1

0.3185 0.344513 1
0.313391 0.3405 1

0.320431 0.346 1
0.3185 0.344513 1

0.999411 0.346 1
0.999473 0.3405 1

1.44932e-05 0.3405 1
1.50176e-05 0.335 1

0.3075 0.335901 1
0.306366 0.335 1

0.313 0.340197 1
0.3075 0.335901 1

0.313391 0.3405 1
0.313 0.340197 1

0.999473 0.3405 1
0.999528 0.335 1

1.50173e-05 0.335 1
1.55768e-05 0.3295 1

0.302 0.331587 1
0.299383 0.3295 1

0.306366 0.335 1
0.302 0.331587 1

0.999528 0.335 1
0.999578 0.3295 1

1.55767e-05 0.3295 1
1.61743e-05 0.324 1

0.2965 0.327236 1
0.29246 0.324 1

0.299383 0.3295 1
0.2965 0.327236 1

0.999578 0.3295 1
0.999624 0.324 1

1.61745e-05 0.324 1
1.68141e-05 0.3185 1

0.291 0.322849 1
0.285595 0.3185 1

0.29246 0.324 1
0.291 0.322849 1

0.999624 0.324 1
0.999665 0.3185 1

1.68144e-05 0.3185 1
1.75005e-05 0.313 1

0.28 0.314039 1
0.278721 0.313 1

0.2855 0.318425 1
0.28 0.314039 1

0.285595 0.3185 1
0.2855 0.318425 1

0.999665 0.3185 1
0.999701 0.313 1

1.75003e-05 0.313 1
1.82372e-05 0.3075 1

0.2745 0.309622 1
0.2719 0.3075 1

0.278721 0.313 1
0.2745 0.309622 1

0.999701 0.313 1
0.999734 0.3075 1

1.8237e-05 0.3075 1
1.90297e-05 0.302 1

0.269 0.305169 1
0.265136 0.302 1

0.2719 0.3075 1
0.269 0.305169 1

0.999734 0.3075 1
0.999764 0.302 1

1.90297e-05 0.302 1
1.98842e-05 0.2965 1

0.2635 0.300679 1
0.258428 0.2965 1

0.265136 0.302 1
0.2635 0.300679 1

0.999764 0.302 1
0.999791 0.2965 1

1.98839e-05 0.2965 1
2.08062e-05 0.291 1

0.2525 0.291644 1
0.251725 0.291 1

0.258 0.296153 1
0.2525 0.291644 1

0.258428 0.2965 1
0.258 0.296153 1

0.999791 0.2965 1
0.999815 0.291 1

2.08064e-05 0.291 1
2.18046e-05 0.2855 1

0.247 0.287131 1
0.245047 0.2855 1

0.251725 0.291 1
0.247 0.287131 1

0.999815 0.291 1
0.999836 0.2855 1

2.18046e-05 0.2855 1
2.28868e-05 0.28 1

0.2415 0.282581 1
0.238425 0.28 1

0.245047 0.2855 1
0.2415 0.282581 1

0.999836 0.2855 1
0.999855 0.28 1

2.2887e-05 0.28 1
2.4063e-05 0.2745 1

0.236 0.277995 1
0.231856 0.2745 1

0.238425 0.28 1
0.236 0.277995 1

0.999855 0.28 1
0.999872 0.2745 1

2.40633e-05 0.2745 1
2.53441e-05 0.269 1

0.2305 0.273373 1
0.225341 0.269 1

0.231856 0.2745 1
0.2305 0.273373 1

0.999872 0.2745 1
0.999887 0.269 1

2.53445e-05 0.269 1
2.67434e-05 0.2635 1

0.2195 0.26408 1
0.21882 0.2635 1

0.225 0.268716 1
0.2195 0.26408 1

0.225341 0.269 1
0.225 0.268716 1

0.999887 0.269 1
0.999901 0.2635 1

2.67435e-05 0.2635 1
2.8275e-05 0.258 1

0.214 0.259441 1
0.21232 0.258 1

0.21882 0.2635 1
0.214 0.259441 1

0.999901 0.2635 1
0.999913 0.258 1

2.82747e-05 0.258 1
2.99555e-05 0.2525 1

0.2085 0.254766 1
0.205872 0.2525 1

0.21232 0.258 1
0.2085 0.254766 1

0.999913 0.258 1
0.999924 0.2525 1

2.99555e-05 0.2525 1
3.18051e-05 0.247 1

0.203 0.250056 1
0.199475 0.247 1

0.205872 0.2525 1
0.203 0.250056 1

0.999924 0.2525 1
0.999933 0.247 1

3.18054e-05 0.247 1
3.38475e-05 0.2415 1

0.1975 0.245311 1
0.193128 0.2415 1

0.199475 0.247 1
0.1975 0.245311 1

0.999933 0.247 1
0.999941 0.2415 1

3.38475e-05 0.2415 1
3.61092e-05 0.236 1

0.192 0.24053 1
0.18683 0.236 1

0.193128 0.2415 1
0.192 0.24053 1

0.999941 0.2415 1
0.999949 0.236 1

3.61089e-05 0.236 1
3.8621e-05 0.2305 1

0.181 0.230916 1
0.180527 0.2305 1

0.1865 0.235715 1
0.181 0.230916 1

0.18683 0.236 1
0.1865 0.235715 1

0.999949 0.236 1
0.999955 0.2305 1

3.86213e-05 0.2305 1
4.14229e-05 0.225 1

0.1755 0.226123 1
0.17423 0.225 1

0.180527 0.2305 1
0.1755 0.226123 1

0.999955 0.2305 1
0.999961 0.225 1

4.14226e-05 0.225 1
4.45573e-05 0.2195 1

0.17 0.221296 1
0.16798 0.2195 1

0.17423 0.225 1
0.17 0.221296 1

0.999961 0.225 1
0.999966 0.2195 1

4.45571e-05 0.2195 1
4.80786e-05 0.214 1

0.1645 0.216435 1
0.161776 0.214 1

0.16798 0.2195 1
0.1645 0.216435 1

0.999966 0.2195 1
0.999971 0.214 1

4.80787e-05 0.214 1
5.20512e-05 0.2085 1

0.159 0.21154 1
0.155618 0.2085 1

0.161776 0.214 1
0.159 0.21154 1

0.999971 0.214 1
0.999975 0.2085 1

5.20513e-05 0.2085 1
5.65527e-05 0.203 1

0.1535 0.206612 1
0.149505 0.203 1

0.155618 0.2085 1
0.1535 0.206612 1

0.999975 0.2085 1
0.999978 0.203 1

5.65527e-05 0.203 1
6.16778e-05 0.1975 1

0.148 0.201651 1
0.143435 0.1975 1

0.149505 0.203 1
0.148 0.201651 1

0.999978 0.203 1
0.999981 0.1975 1

6.16772e-05 0.1975 1
6.75409e-05 0.192 1

0.1425 0.196656 1
0.137409 0.192 1

0.143435 0.1975 1
0.1425 0.196656 1

0.999981 0.1975 1
0.999984 0.192 1

6.75409e-05 0.192 1
7.42865e-05 0.1865 1

0.1315 0.186583 1
0.131408 0.1865 1

0.137 0.191629 1
0.1315 0.186583 1

0.137409 0.192 1
0.137 0.191629 1

0.999984 0.192 1
0.999986 0.1865 1

7.42864e-05 0.1865 1
8.2091e-05 0.181 1

0.126 0.181577 1
0.125369 0.181 1

0.131408 0.1865 1
0.126 0.181577 1

0.999986 0.1865 1
0.999988 0.181 1

8.20913e-05 0.181 1
9.11783e-05 0.1755 1

0.1205 0.17654 1
0.119369 0.1755 1

0.125369 0.181 1
0.1205 0.17654 1

0.999988 0.181 1
0.99999 0.1755 1

9.11784e-05 0.1755 1
0.00010183 0.17 1

0.115 0.171471 1
0.113408 0.17 1

0.119369 0.1755 1
0.115 0.171471 1

0.99999 0.1755 1
0.999991 0.17 1

0.00010183 0.17 1
0.000114406 0.1645 1

0.1095 0.166373 1
0.107484 0.1645 1

0.113408 0.17 1
0.1095 0.166373 1

0.999991 0.17 1
0.999992 0.1645 1

0.000114405 0.1645 1
0.000129371 0.159 1

0.104 0.161244 1
0.101596 0.159 1

0.107484 0.1645 1
0.104 0.161244 1

0.999992 0.1645 1
0.999994 0.159 1

0.000129371 0.159 1
0.000147334 0.1535 1

0.0985 0.156087 1
0.0957413 0.1535 1

0.101596 0.159 1
0.0985 0.156087 1

0.999994 0.159 1
0.999995 0.1535 1

0.000147334 0.1535 1
0.000169102 0.148 1

0.093 0.150902 1
0.0899193 0.148 1

0.0957413 0.1535 1
0.093 0.150902 1

0.999995 0.1535 1
0.999995 0.148 1

0.000169102 0.148 1
0.000195755 0.1425 1

0.0875 0.145691 1
0.0841272 0.1425 1

0.0899193 0.148 1
0.0875 0.145691 1

0.999995 0.148 1
0.999996 0.1425 1

0.000195754 0.1425 1
0.000228771 0.137 1

0.082 0.140455 1
0.0783623 0.137 1

0.0841272 0.1425 1
0.082 0.140455 1

0.999996 0.1425 1
0.999997 0.137 1

0.00022877 0.137 1
0.000270205 0.1315 1

0.0765 0.135197 1
0.0726216 0.1315 1

0.0783623 0.137 1
0.0765 0.135197 1

0.999997 0.137 1
0.999997 0.1315 1

0.000270205 0.1315 1
0.000322977 0.126 1

0.071 0.129918 1
0.066901 0.126 1

0.0726216 0.1315 1
0.071 0.129918 1

0.999997 0.1315 1
0.999998 0.126 1

0.000322977 0.126 1
0.000391341 0.1205 1

0.0655 0.124623 1
0.0611955 0.1205 1

0.066901 0.126 1
0.0655 0.124623 1

0.999998 0.126 1
0.999998 0.1205 1

0.000391341 0.1205 1
0.000481678 0.115 1

0.06 0.119317 1
0.0554984 0.115 1

0.0611955 0.1205 1
0.06 0.119317 1

0.999998 0.1205 1
0.999998 0.115 1

0.000481678 0.115 1
0.000603917 0.1095 1

0.0545 0.114005 1
0.0498008 0.1095 1

0.0554984 0.115 1
0.0545 0.114005 1

0.999998 0.115 1
0.999999 0.1095 1

0.000603916 0.1095 1
0.000774224 0.104 1

0.049 0.108696 1
0.0440899 0.104 1

0.0498008 0.1095 1
0.049 0.108696 1

0.999999 0.1095 1
0.999999 0.104 1

0.000774224 0.104 1
0.0010205 0.0985 1

0.0435 0.103404 1
0.0383475 0.0985 1

0.0440899 0.104 1
0.0435 0.103404 1

0.999999 0.104 1
0.999999 0.0985 1

0.0010205 0.0985001 1
0.00139486 0.0930001 1

0.038 0.0981471 1
0.0325458 0.0930001 1

0.0383475 0.0985001 1
0.038 0.0981471 1

0.999999 0.0985001 1
0.999999 0.0930001 1

0.00139486 0.093 1
0.00200608 0.0875 1

0.027 0.0880564 1
0.0262473 0.0875 1

0.0325 0.0929534 1
0.027 0.0880564 1

0.0325458 0.093 1
0.0325 0.0929534 1

0.999999 0.093 1
0.999999 0.0875 1

0.00200608 0.0875 1
0.0031231 0.082 1

0.0215 0.0834883 1
0.019271 0.082 1

0.0262473 0.0875 1
0.0215 0.0834883 1

0.999999 0.0875 1
0.999999 0.082 1

0.0031231 0.0820001 1
0.005 0.07764 1

0.00857487 0.0765001 1
0.005 0.07764 1

0.016 0.079442 1
0.0107825 0.0765001 1

0.019271 0.0820001 1
0.016 0.079442 1

0.999999 0.0820001 1
1 0.0765001 1

0.00857487 0.0765 1
0.0105 0.0763078 1

0.0107825 0.0765 1
0.0105 0.0763078 1

1 0.0765 1
1 0.071 1

1 0.071 1
1 0.0655 1

1 0.0655001 1
1 0.0600001 1

1 0.06 1
1 0.0545 1

1 0.0545 1
1 0.049 1

1 0.0490001 1
1 0.0435001 1

1 0.0435 1
1 0.038 1

1 0.038 1
1 0.0325 1

1 0.0325001 1
1 0.0270001 1

1 0.027 1
1 0.0215 1

1 0.0215 1
1 0.016 1

1 0.0160001 1
1 0.0105001 1

1 0.0105 1
1 0.005 1

1 0.00500004 1
1 -0.000499964 1

1 -0.000499923 1
1 -0.00599992 1

1 -0.006 1
1 -0.0115 1

1 -0.0115 1
1 -0.017 1

1 -0.0169999 1
1 -0.0224999 1

1 -0.0225 1
1 -0.028 1

1 -0.028 1
1 -0.0335 1

1 -0.0334999 1
1 -0.0389999 1

1 -0.039 1
1 -0.0445 1

0.005 -0.0499725 1
4.65661e-10 -0.05 1

0.00502765 -0.05 1
0.005 -0.0499725 1

-0.0499867 0.9455 2
-0.05 0.947365 2

1.039 0.945817 2
1.03695 0.9455 2

1.0445 0.946653 2
1.039 0.945817 2

1.05 0.947475 2
1.0445 0.946653 2

-0.0499867 0.9455 2
-0.0499478 0.94 2

1.006 0.940497 2
1.00309 0.94 2

1.0115 0.94142 2
1.006 0.940497 2

1.017 0.942328 2
1.0115 0.94142 2

1.0225 0.943222 2
1.017 0.942328 2

1.028 0.944101 2
1.0225 0.943222 2

1.0335 0.944967 2
1.028 0.944101 2

1.03695 0.9455 2
1.0335 0.944967 2

-0.0499478 0.94 2
-0.049909 0.9345 2

0.973 0.934626 2
0.972335 0.9345 2

0.9785 0.935644 2
0.973 0.934626 2

0.984 0.936646 2
0.9785 0.935644 2

0.9895 0.937632 2
0.984 0.936646 2

0.995 0.938603 2
0.9895 0.937632 2

1.0005 0.939558 2
0.995 0.938603 2

1.00309 0.94 2
1.0005 0.939558 2

-0.049909 0.9345 2
-0.0498704 0.929 2

0.9455 0.929273 2
0.944163 0.929 2

0.951 0.930378 2
0.9455 0.929273 2

0.9565 0.931465 2
0.951 0.930378 2

0.962 0.932535 2
0.9565 0.931465 2

0.9675 0.933589 2
0.962 0.932535 2

0.972335 0.9345 2
0.9675 0.933589 2

-0.0498704 0.929 2
-0.0498319 0.9235 2

0.9235 0.924668 2
0.918131 0.9235 2

0.929 0.925847 2
0.9235 0.924668 2

0.9345 0.927007 2
0.929 0.925847 2

0.94 0.928149 2
0.9345 0.927007 2

0.944163 0.929 2
0.94 0.928149 2

-0.0498319 0.9235 2
-0.0497937 0.918 2

0.896 0.918483 2
0.893955 0.918 2

0.9015 0.919759 2
0.896 0.918483 2

0.907 0.921015 2
0.9015 0.919759 2

0.9125 0.922253 2
0.907 0.921015 2

0.918 0.923471 2
0.9125 0.922253 2

0.918131 0.9235 2
0.918 0.923471 2

-0.0497937 0.918 2
-0.0497556 0.9125 2

0.874 0.913168 2
0.871342 0.9125 2

0.8795 0.914527 2
0.874 0.913168 2

0.885 0.915866 2
0.8795 0.914527 2

0.8905 0.917185 2
0.885 0.915866 2

0.893955 0.918 2
0.8905 0.917185 2

-0.0497556 0.9125 2
-0.0497176 0.907 2

0.852 0.90751 2
0.850097 0.907 2

0.8575 0.908956 2
0.852 0.90751 2

0.863 0.910382 2
0.8575 0.908956 2

0.8685 0.911786 2
0.863 0.910382 2

0.871342 0.9125 2
0.8685 0.911786 2

-0.0497176 0.907 2
-0.0496799 0.9015 2

0.8355 0.903028 2
0.830039 0.9015 2

0.841 0.904544 2
0.8355 0.903028 2

0.8465 0.906038 2
0.841 0.904544 2

0.850097 0.907 2
0.8465 0.906038 2

-0.0496799 0.9015 2
-0.0496422 0.896 2

0.8135 0.896723 2
0.811074 0.896 2

0.819 0.898335 2
0.8135 0.896723 2

0.8245 0.899923 2
0.819 0.898335 2

0.83 0.901489 2
0.8245 0.899923 2

0.830039 0.9015 2
0.83 0.901489 2

-0.0496422 0.896 2
-0.0496048 0.8905 2

0.797 0.891735 2
0.793036 0.8905 2

0.8025 0.893422 2
0.797 0.891735 2

0.808 0.895085 2
0.8025 0.893422 2

0.811074 0.896 2
0.808 0.895085 2

-0.0496048 0.8905 2
-0.0495675 0.885 2

0.7805 0.886517 2
0.775842 0.885 2

0.786 0.888282 2
0.7805 0.886517 2

0.7915 0.890023 2
0.786 0.888282 2

0.793036 0.8905 2
0.7915 0.890023 2

-0.0495675 0.885 2
-0.0495303 0.8795 2

0.764 0.88106 2
0.759418 0.8795 2

0.7695 0.882906 2
0.764 0.88106 2

0.775 0.884726 2
0.7695 0.882906 2

0.775842 0.885 2
0.775 0.884726 2

-0.0495303 0.8795 2
-0.0494934 0.874 2

0.7475 0.875357 2
0.743689 0.874 2

0.753 0.877286 2
0.7475 0.875357 2

0.7585 0.879188 2
0.753 0.877286 2

0.759418 0.8795 2
0.7585 0.879188 2

-0.0494934 0.874 2
-0.0494565 0.8685 2

0.731 0.869398 2
0.728587 0.8685 2

0.7365 0.871413 2
0.731 0.869398 2

0.742 0.8734 2
0.7365 0.871413 2

0.743689 0.874 2
0.742 0.8734 2

-0.0494565 0.8685 2
-0.0494198 0.863 2

0.7145 0.863177 2
0.714047 0.863 2

0.72 0.865279 2
0.7145 0.863177 2

0.7255 0.867354 2
0.72 0.865279 2

0.728587 0.8685 2
0.7255 0.867354 2

-0.0494198 0.863 2
-0.0493832 0.8575 2

0.7035 0.858876 2
0.700056 0.8575 2

0.709 0.861041 2
0.7035 0.858876 2

0.714047 0.863 2
0.709 0.861041 2

-0.0493832 0.8575 2
-0.0493468 0.852 2

0.687 0.852196 2
0.686531 0.852 2

0.6925 0.854453 2
0.687 0.852196 2

0.698 0.856681 2
0.6925 0.854453 2

0.700056 0.8575 2
0.698 0.856681 2

-0.0493468 0.852 2
-0.0493105 0.8465 2

0.676 0.847582 2
0.673477 0.8465 2

0.6815 0.849904 2
0.676 0.847582 2

0.686531 0.852 2
0.6815 0.849904 2

-0.0493105 0.8465 2
-0.0492744 0.841 2

0.665 0.842839 2
0.660824 0.841 2

0.6705 0.845227 2
0.665 0.842839 2

0.673477 0.8465 2
0.6705 0.845227 2

-0.0492744 0.841 2
-0.0492384 0.8355 2

0.654 0.837964 2
0.64855 0.8355 2

0.6595 0.840419 2
0.654 0.837964 2

0.660824 0.841 2
0.6595 0.840419 2

-0.0492384 0.8355 2
-0.0492025 0.83 2

0.6375 0.830398 2
0.636659 0.83 2

0.643 0.832953 2
0.6375 0.830398 2

0.6485 0.835477 2
0.643 0.832953 2

0.64855 0.8355 2
0.6485 0.835477 2

-0.0492025 0.83 2
-0.0491667 0.8245 2

0.6265 0.82518 2
0.6251 0.8245 2

0.632 0.827805 2
0.6265 0.82518 2

0.636659 0.83 2
0.632 0.827805 2

-0.0491667 0.8245 2
-0.0491311 0.819 2

0.6155 0.81982 2
0.613855 0.819 2

0.621 0.822517 2
0.6155 0.81982 2

0.6251 0.8245 2
0.621 0.822517 2

-0.0491311 0.819 2
-0.0490956 0.8135 2

0.6045 0.814316 2
0.602906 0.8135 2

0.61 0.817086 2
0.6045 0.814316 2

0.613855 0.819 2
0.61 0.817086 2

-0.0490956 0.8135 2
-0.0490602 0.808 2

0.5935 0.808665 2
0.592234 0.808 2

0.599 0.811509 2
0.5935 0.808665 2

0.602906 0.8135 2
0.599 0.811509 2

-0.0490602 0.808 2
-0.0490249 0.8025 2

0.5825 0.802865 2
0.581823 0.8025 2

0.588 0.805783 2
0.5825 0.802865 2

0.592234 0.808 2
0.588 0.805783 2

-0.0490249 0.8025 2
-0.0489898 0.797 2

0.577 0.799907 2
0.57166 0.797 2

0.581823 0.8025 2
0.577 0.799907 2

-0.0489898 0.797 2
-0.0489547 0.7915 2

0.566 0.793877 2
0.561749 0.7915 2

0.5715 0.796913 2
0.566 0.793877 2

0.57166 0.797 2
0.5715 0.796913 2

-0.0489547 0.7915 2
-0.0489198 0.786 2

0.555 0.787691 2
0.552056 0.786 2

0.5605 0.790805 2
0.555 0.787691 2

0.561749 0.7915 2
0.5605 0.790805 2

-0.0489198 0.786 2
-0.048885 0.7805 2

0.544 0.781346 2
0.542566 0.7805 2

0.5495 0.784539 2
0.544 0.781346 2

0.552056 0.786 2
0.5495 0.784539 2

-0.048885 0.7805 2
-0.0488503 0.775 2

0.5385 0.778112 2
0.533271 0.775 2

0.542566 0.7805 2
0.5385 0.778112 2

-0.0488503 0.775 2
-0.0488157 0.7695 2

0.5275 0.771523 2
0.524192 0.7695 2

0.533 0.774839 2
0.5275 0.771523 2

0.533271 0.775 2
0.533 0.774839 2

-0.0488157 0.7695 2
-0.0487812 0.764 2

0.5165 0.764768 2
0.515278 0.764 2

0.522 0.768166 2
0.5165 0.764768 2

0.524192 0.7695 2
0.522 0.768166 2

-0.0487812 0.764 2
-0.0487468 0.7585 2

0.511 0.761326 2
0.506542 0.7585 2

0.515278 0.764 2
0.511 0.761326 2

-0.0487468 0.7585 2
-0.0487125 0.753 2

0.5 0.754316 2
0.497979 0.753 2

0.5055 0.757843 2
0.5 0.754316 2

0.506542 0.7585 2
0.5055 0.757843 2

-0.0487125 0.753 2
-0.0486783 0.7475 2

0.4945 0.750746 2
0.489562 0.7475 2

0.497979 0.753 2
0.4945 0.750746 2

-0.0486783 0.7475 2
-0.0486442 0.742 2

0.4835 0.743474 2
0.481318 0.742 2

0.489 0.747132 2
0.4835 0.743474 2

0.489562 0.7475 2
0.489 0.747132 2

-0.0486442 0.742 2
-0.0486102 0.7365 2

0.478 0.739771 2
0.473202 0.7365 2

0.481318 0.742 2
0.478 0.739771 2

-0.0486102 0.7365 2
-0.0485763 0.731 2

0.467 0.732231 2
0.465243 0.731 2

0.4725 0.736024 2
0.467 0.732231 2

0.473202 0.7365 2
0.4725 0.736024 2

-0.0485763 0.731 2
-0.0485425 0.7255 2

0.4615 0.728392 2
0.457411 0.7255 2

0.465243 0.731 2
0.4615 0.728392 2

-0.0485425 0.7255 2
-0.0485088 0.72 2

0.4505 0.720577 2
0.449706 0.72 2

0.456 0.724508 2
0.4505 0.720577 2

0.457411 0.7255 2
0.456 0.724508 2

-0.0485088 0.72 2
-0.0484751 0.7145 2

0.445 0.716598 2
0.442141 0.7145 2

0.449706 0.72 2
0.445 0.716598 2

-0.0484751 0.7145 2
-0.0484415 0.709 2

0.4395 0.712573 2
0.434679 0.709 2

0.442141 0.7145 2
0.4395 0.712573 2

-0.0484415 0.709 2
-0.0484081 0.7035 2

0.4285 0.704378 2
0.427347 0.7035 2

0.434 0.7085 2
0.4285 0.704378 2

0.434679 0.709 2
0.434 0.7085 2

-0.0484081 0.7035 2
-0.0483747 0.698 2

0.423 0.700208 2
0.420129 0.698 2

0.427347 0.7035 2
0.423 0.700208 2

-0.0483747 0.698 2
-0.0483413 0.6925 2

0.4175 0.695989 2
0.41301 0.6925 2

0.420129 0.698 2
0.4175 0.695989 2

-0.0483413 0.6925 2
-0.0483081 0.687 2

0.4065 0.687401 2
0.405997 0.687 2

0.412 0.69172 2
0.4065 0.687401 2

0.41301 0.6925 2
0.412 0.69172 2

-0.0483081 0.687 2
-0.0482749 0.6815 2

0.401 0.683032 2
0.399101 0.6815 2

0.405997 0.687 2
0.401 0.683032 2

-0.0482749 0.6815 2
-0.0482418 0.676 2

0.3955 0.678612 2
0.392295 0.676 2

0.399101 0.6815 2
0.3955 0.678612 2

-0.0482418 0.676 2
-0.0482088 0.6705 2

0.39 0.67414 2
0.385579 0.6705 2

0.392295 0.676 2
0.39 0.67414 2

-0.0482088 0.6705 2
-0.0481759 0.665 2

0.379 0.66504 2
0.378953 0.665 2

0.3845 0.669617 2
0.379 0.66504 2

0.385579 0.6705 2
0.3845 0.669617 2

-0.0481759 0.665 2
-0.048143 0.6595 2

0.3735 0.660411 2
0.372434 0.6595 2

0.378953 0.665 2
0.3735 0.660411 2

-0.048143 0.6595 2
-0.0481102 0.654 2

0.368 0.655729 2
0.366 0.654 2

0.372434 0.6595 2
0.368 0.655729 2

-0.0481102 0.654 2
-0.0480774 0.6485 2

0.3625 0.650993 2
0.359647 0.6485 2

0.366 0.654 2
0.3625 0.650993 2

-0.0480774 0.6485 2
-0.0480448 0.643 2

0.357 0.646201 2
0.353374 0.643 2

0.359647 0.6485 2
0.357 0.646201 2

-0.0480448 0.643 2
-0.0480121 0.6375 2

0.3515 0.641355 2
0.347181 0.6375 2

0.353374 0.643 2
0.3515 0.641355 2

-0.0480121 0.6375 2
-0.0479796 0.632 2

0.346 0.636452 2
0.341065 0.632 2

0.347181 0.6375 2
0.346 0.636452 2

-0.0479796 0.632 2
-0.0479471 0.6265 2

0.3405 0.631493 2
0.335025 0.6265 2

0.341065 0.632 2
0.3405 0.631493 2

-0.0479471 0.6265 2
-0.0479146 0.621 2

0.3295 0.621404 2
0.329069 0.621 2

0.335 0.626477 2
0.3295 0.621404 2

0.335025 0.6265 2
0.335 0.626477 2

-0.0479146 0.621 2
-0.0478822 0.6155 2

0.324 0.616273 2
0.323184 0.6155 2

0.329069 0.621 2
0.324 0.616273 2

-0.0478822 0.6155 2
-0.0478499 0.61 2

0.3185 0.611083 2
0.31737 0.61 2

0.323184 0.6155 2
0.3185 0.611083 2

-0.0478499 0.61 2
-0.0478176 0.6045 2

0.313 0.605834 2
0.311624 0.6045 2

0.31737 0.61 2
0.313 0.605834 2

-0.0478176 0.6045 2
-0.0477854 0.599 2

0.3075 0.600523 2
0.305946 0.599 2

0.311624 0.6045 2
0.3075 0.600523 2

-0.0477854 0.599 2
-0.0477532 0.5935 2

0.302 0.595152 2
0.300334 0.5935 2

0.305946 0.599 2
0.302 0.595152 2

-0.0477532 0.5935 2
-0.0477211 0.588 2

0.2965 0.589719 2
0.294786 0.588 2

0.300334 0.5935 2
0.2965 0.589719 2

-0.0477211 0.588 2
-0.047689 0.5825 2

0.291 0.584223 2
0.289301 0.5825 2

0.294786 0.588 2
0.291 0.584223 2

-0.047689 0.5825 2
-0.047657 0.577 2

0.2855 0.578664 2
0.283878 0.577 2

0.289301 0.5825 2
0.2855 0.578664 2

-0.047657 0.577 2
-0.047625 0.5715 2

0.28 0.573041 2
0.278516 0.5715 2

0.283878 0.577 2
0.28 0.573041 2

-0.047625 0.5715 2
-0.0475931 0.566 2

0.2745 0.567352 2
0.273213 0.566 2

0.278516 0.5715 2
0.2745 0.567352 2

-0.0475931 0.566 2
-0.0475612 0.5605 2

0.269 0.561597 2
0.267968 0.5605 2

0.273213 0.566 2
0.269 0.561597 2

-0.0475612 0.5605 2
-0.0475293 0.555 2

0.2635 0.555775 2
0.262779 0.555 2

0.267968 0.5605 2
0.2635 0.555775 2

-0.0475293 0.555 2
-0.0474975 0.5495 2

0.258 0.549885 2
0.257646 0.5495 2

0.262779 0.555 2
0.258 0.549885 2

-0.0474975 0.5495 2
-0.0474657 0.544 2

0.257646 0.5495 2
0.252569 0.544 2

-0.0474657 0.544 2
-0.047434 0.5385 2

0.2525 0.543926 2
0.24755 0.5385 2

0.252569 0.544 2
0.2525 0.543926 2

-0.047434 0.5385 2
-0.0474023 0.533 2

0.247 0.537899 2
0.242585 0.533 2

0.24755 0.5385 2
0.247 0.537899 2

-0.0474023 0.533 2
-0.0473706 0.5275 2

0.2415 0.531802 2
0.23767 0.5275 2

0.242585 0.533 2
0.2415 0.531802 2

-0.0473706 0.5275 2
-0.047339 0.522 2

0.236 0.525632 2
0.232806 0.522 2

0.23767 0.5275 2
0.236 0.525632 2

-0.047339 0.522 2
-0.0473074 0.5165 2

0.2305 0.519388 2
0.227991 0.5165 2

0.232806 0.522 2
0.2305 0.519388 2

-0.0473074 0.5165 2
-0.0472758 0.511 2

0.225 0.513069 2
0.223225 0.511 2

0.227991 0.5165 2
0.225 0.513069 2

-0.0472758 0.511 2
-0.0472443 0.5055 2

0.2195 0.506673 2
0.218506 0.5055 2

0.223225 0.511 2
0.2195 0.506673 2

-0.0472443 0.5055 2
-0.0472127 0.5 2

0.214 0.500198 2
0.213834 0.5 2

0.218506 0.5055 2
0.214 0.500198 2

-0.0472127 0.5 2
-0.0471813 0.4945 2

0.213834 0.5 2
0.209216 0.4945 2

-0.0471813 0.4945 2
-0.0471498 0.489 2

0.2085 0.493651 2
0.204644 0.489 2

0.209216 0.4945 2
0.2085 0.493651 2

-0.0471498 0.489 2
-0.0471184 0.4835 2

0.203 0.487023 2
0.200116 0.4835 2

0.204644 0.489 2
0.203 0.487023 2

-0.0471184 0.4835 2
-0.047087 0.478 2

0.1975 0.480312 2
0.195631 0.478 2

0.200116 0.4835 2
0.1975 0.480312 2

-0.047087 0.478 2
-0.0470556 0.4725 2

0.192 0.473515 2
0.19119 0.4725 2

0.195631 0.478 2
0.192 0.473515 2

-0.0470556 0.4725 2
-0.0470243 0.467 2

0.19119 0.4725 2
0.186794 0.467 2

-0.0470243 0.467 2
-0.046993 0.4615 2

0.1865 0.466633 2
0.182446 0.4615 2

0.186794 0.467 2
0.1865 0.466633 2

-0.046993 0.4615 2
-0.0469617 0.456 2

0.181 0.459672 2
0.178138 0.456 2

0.182446 0.4615 2
0.181 0.459672 2

-0.0469617 0.456 2
-0.0469304 0.4505 2

0.1755 0.452619 2
0.173871 0.4505 2

0.178138 0.456 2
0.1755 0.452619 2

-0.0469304 0.4505 2
-0.0468992 0.445 2

0.17 0.445468 2
0.169645 0.445 2

0.173871 0.4505 2
0.17 0.445468 2

-0.0468992 0.445 2
-0.0468679 0.4395 2

0.169645 0.445 2
0.165463 0.4395 2

-0.0468679 0.4395 2
-0.0468367 0.434 2

0.1645 0.438235 2
0.161321 0.434 2

0.165463 0.4395 2
0.1645 0.438235 2

-0.0468367 0.434 2
-0.0468055 0.4285 2

0.159 0.430906 2
0.157219 0.4285 2

0.161321 0.434 2
0.159 0.430906 2

-0.0468055 0.4285 2
-0.0467744 0.423 2

0.1535 0.42347 2
0.153157 0.423 2

0.157219 0.4285 2
0.1535 0.42347 2

-0.0467744 0.423 2
-0.0467432 0.4175 2

0.153157 0.423 2
0.149135 0.4175 2

-0.0467432 0.4175 2
-0.0467121 0.412 2

0.148 0.415947 2
0.145151 0.412 2

0.149135 0.4175 2
0.148 0.415947 2

-0.0467121 0.412 2
-0.0466809 0.4065 2

0.1425 0.408318 2
0.141207 0.4065 2

0.145151 0.412 2
0.1425 0.408318 2

-0.0466809 0.4065 2
-0.0466498 0.401 2

0.141207 0.4065 2
0.137302 0.401 2

-0.0466498 0.401 2
-0.0466188 0.3955 2

0.137 0.400575 2
0.133432 0.3955 2

0.137302 0.401 2
0.137 0.400575 2

-0.0466188 0.3955 2
-0.0465877 0.39 2

0.1315 0.39274 2
0.129602 0.39 2

0.133432 0.3955 2
0.1315 0.39274 2

-0.0465877 0.39 2
-0.0465566 0.3845 2

0.126 0.384775 2
0.125812 0.3845 2

0.129602 0.39 2
0.126 0.384775 2

-0.0465566 0.3845 2
-0.0465256 0.379 2

0.125812 0.3845 2
0.122053 0.379 2

-0.0465256 0.379 2
-0.0464945 0.3735 2

0.1205 0.376716 2
0.118333 0.3735 2

0.122053 0.379 2
0.1205 0.376716 2

-0.0464945 0.3735 2
-0.0464635 0.368 2

0.115 0.36852 2
0.114655 0.368 2

0.118333 0.3735 2
0.115 0.36852 2

-0.0464635 0.368 2
-0.0464325 0.3625 2

0.114655 0.368 2
0.111005 0.3625 2

-0.0464325 0.3625 2
-0.0464015 0.357 2

0.1095 0.360218 2
0.107393 0.357 2

0.111005 0.3625 2
0.1095 0.360218 2

-0.0464015 0.357 2
-0.0463705 0.3515 2

0.104 0.35177 2
0.103826 0.3515 2

0.107393 0.357 2
0.104 0.35177 2

-0.0463705 0.3515 2
-0.0463395 0.346 2

0.103826 0.3515 2
0.10028 0.346 2

-0.0463395 0.346 2
-0.0463086 0.3405 2

0.0985 0.343214 2
0.096776 0.3405 2

0.10028 0.346 2
0.0985 0.343214 2

-0.0463086 0.3405 2
-0.0462776 0.335 2

0.096776 0.3405 2
0.0933159 0.335 2

-0.0462776 0.335 2
-0.0462467 0.3295 2

0.093 0.334498 2
0.0898725 0.3295 2

0.0933159 0.335 2
0.093 0.334498 2

-0.0462467 0.3295 2
-0.0462157 0.324 2

0.0875 0.325659 2
0.0864782 0.324 2

0.0898725 0.3295 2
0.0875 0.325659 2

-0.0462157 0.324 2
-0.0461848 0.3185 2

0.0864782 0.324 2
0.0831145 0.3185 2

-0.0461848 0.3185 2
-0.0461539 0.313 2

0.082 0.316665 2
0.0797789 0.313 2

0.0831145 0.3185 2
0.082 0.316665 2

-0.0461539 0.313 2
-0.0461229 0.3075 2

0.0797789 0.313 2
0.0765011 0.3075 2

-0.0461229 0.3075 2
-0.046092 0.302 2

0.0765 0.307498 2
0.0732225 0.302 2

0.0765011 0.3075 2
0.0765 0.307498 2

-0.046092 0.302 2
-0.0460611 0.2965 2

0.071 0.298202 2
0.0700023 0.2965 2

0.0732225 0.302 2
0.071 0.298202 2

-0.0460611 0.2965 2
-0.0460302 0.291 2

0.0700023 0.2965 2
0.0668078 0.291 2

-0.0460302 0.291 2
-0.0459993 0.2855 2

0.0655 0.288722 2
0.0636441 0.2855 2

0.0668078 0.291 2
0.0655 0.288722 2

-0.0459993 0.2855 2
-0.0459685 0.28 2

0.0636441 0.2855 2
0.0605337 0.28 2

-0.0459685 0.28 2
-0.0459376 0.2745 2

0.06 0.279052 2
0.0574255 0.2745 2

0.0605337 0.28 2
0.06 0.279052 2

-0.0459376 0.2745 2
-0.0459067 0.269 2

0.0545 0.26919 2
0.0543944 0.269 2

0.0574255 0.2745 2
0.0545 0.26919 2

-0.0459067 0.269 2
-0.0458758 0.2635 2

0.0543944 0.269 2
0.0513452 0.2635 2

-0.0458758 0.2635 2
-0.045845 0.258 2

0.049 0.259149 2
0.0483734 0.258 2

0.0513452 0.2635 2
0.049 0.259149 2

-0.045845 0.258 2
-0.0458141 0.2525 2

0.0483734 0.258 2
0.0454023 0.2525 2

-0.0458141 0.2525 2
-0.0457832 0.247 2

0.0435 0.248889 2
0.0424905 0.247 2

0.0454023 0.2525 2
0.0435 0.248889 2

-0.0457832 0.247 2
-0.0457524 0.2415 2

0.0424905 0.247 2
0.0395957 0.2415 2

-0.0457524 0.2415 2
-0.0457215 0.236 2

0.038 0.238397 2
0.0367456 0.236 2

0.0395957 0.2415 2
0.038 0.238397 2

-0.0457215 0.236 2
-0.0456907 0.2305 2

0.0367456 0.236 2
0.0339247 0.2305 2

-0.0456907 0.2305 2
-0.0456598 0.225 2

0.0325 0.227657 2
0.0311391 0.225 2

0.0339247 0.2305 2
0.0325 0.227657 2

-0.0456598 0.225 2
-0.045629 0.2195 2

0.0311391 0.225 2
0.0283887 0.2195 2

-0.045629 0.2195 2
-0.0455982 0.214 2

0.027 0.216652 2
0.025672 0.214 2

0.0283887 0.2195 2
0.027 0.216652 2

-0.0455982 0.214 2
-0.0455673 0.2085 2

0.025672 0.214 2
0.0229881 0.2085 2

-0.0455673 0.2085 2
-0.0455365 0.203 2

0.0215 0.205358 2
0.0203466 0.203 2

0.0229881 0.2085 2
0.0215 0.205358 2

-0.0455365 0.203 2
-0.0455057 0.1975 2

0.0203466 0.203 2
0.0177237 0.1975 2

-0.0455057 0.1975 2
-0.0454748 0.192 2

0.016 0.193745 2
0.0151672 0.192 2

0.0177237 0.1975 2
0.016 0.193745 2

-0.0454748 0.192 2
-0.045444 0.1865 2

0.0151672 0.192 2
0.012598 0.1865 2

-0.045444 0.1865 2
-0.0454132 0.181 2

0.0105 0.181773 2
0.0101404 0.181 2

0.012598 0.1865 2
0.0105 0.181773 2

-0.0454132 0.181 2
-0.0453824 0.1755 2

0.0101404 0.181 2
0.00761569 0.1755 2

-0.0453824 0.1755 2
-0.0453515 0.17 2

0.00761569 0.1755 2
0.00524681 0.17 2

-0.0453515 0.17 2
-0.0453207 0.1645 2

0.005 0.169421 2
0.00278482 0.1645 2

0.00524681 0.17 2
0.005 0.169421 2

-0.0453207 0.1645 2
-0.0452899 0.159 2

0.00278482 0.1645 2
0.000458706 0.159 2

-0.0452899 0.159 2
-0.0452591 0.1535 2

-0.000500005 0.156655 2
-0.00188074 0.1535 2

0.000458706 0.159 2
-0.000500004 0.156655 2

-0.0452591 0.1535 2
-0.0452283 0.148 2

-0.00188074 0.1535 2
-0.00417897 0.148 2

-0.0452283 0.148 2
-0.0451975 0.1425 2

-0.006 0.143341 2
-0.00635769 0.1425 2

-0.00417897 0.148 2
-0.006 0.143341 2

-0.0451975 0.1425 2
-0.0451666 0.137 2

-0.00635769 0.1425 2
-0.00864844 0.137 2

-0.0451666 0.137 2
-0.0451358 0.1315 2

-0.00864844 0.137 2
-0.0107543 0.1315 2

-0.0451358 0.1315 2
-0.045105 0.126 2

-0.0115 0.129476 2
-0.0129182 0.126 2

-0.0107543 0.1315 2
-0.0115 0.129476 2

-0.045105 0.126 2
-0.0450742 0.1205 2

-0.0129182 0.126 2
-0.0150282 0.1205 2

-0.0450742 0.1205 2
-0.0450434 0.115 2

-0.0150282 0.1205 2
-0.0169452 0.115 2

-0.0450434 0.115 2
-0.0450126 0.1095 2

-0.017 0.11484 2
-0.0190835 0.1095 2

-0.0169452 0.115 2
-0.017 0.11484 2

-0.0450126 0.1095 2
-0.0449818 0.104 2

-0.0190835 0.1095 2
-0.0210222 0.104 2

-0.0449818 0.104 2
-0.044951 0.0985 2

-0.0225 0.0993846 2
-0.0228343 0.0985 2

-0.0210222 0.104 2
-0.0225 0.0993846 2

-0.044951 0.0985001 2
-0.0449202 0.0930001 2

-0.0228343 0.0985001 2
-0.0248464 0.0930001 2

-0.0449202 0.093 2
-0.0448893 0.0875 2

-0.0248464 0.093 2
-0.0266306 0.0875 2

-0.0448893 0.0875 2
-0.0448585 0.082 2

-0.028 0.0827594 2
-0.0282736 0.082 2

-0.0266306 0.0875 2
-0.028 0.0827594 2

-0.0448585 0.0820001 2
-0.0448277 0.0765001 2

-0.0282736 0.0820001 2
-0.0301835 0.0765001 2

-0.0448277 0.0765 2
-0.0447969 0.071 2

-0.0301835 0.0765 2
-0.0318452 0.071 2

-0.0447969 0.071 2
-0.0447661 0.0655 2

-0.0318452 0.071 2
-0.0332678 0.0655 2

-0.0447661 0.0655001 2
-0.0447353 0.0600001 2

-0.0335 0.0645459 2
-0.0350209 0.0600001 2

-0.0332678 0.0655001 2
-0.0335 0.0645459 2

-0.0447353 0.06 2
-0.0447045 0.0545 2

-0.0350209 0.06 2
-0.0366264 0.0545 2

-0.0447045 0.0545 2
-0.0446737 0.049 2

-0.0366264 0.0545 2
-0.037964 0.049 2

-0.0446737 0.0490001 2
-0.0446429 0.0435001 2

-0.039 0.0437603 2
-0.0390849 0.0435001 2

-0.037964 0.0490001 2
-0.039 0.0437603 2

-0.0446429 0.0435 2
-0.0446121 0.038 2

-0.0390849 0.0435 2
-0.0407936 0.038 2

-0.0446121 0.038 2
-0.0445813 0.0325 2

-0.0407936 0.038 2
-0.0421985 0.0325 2

-0.0445813 0.0325001 2
-0.0445505 0.0270001 2

-0.0421985 0.0325001 2
-0.0433056 0.0270001 2

-0.0445505 0.027 2
-0.0445197 0.0215 2

-0.0433056 0.027 2
-0.0441233 0.0215 2

-0.0445197 0.0215 2
-0.0445 0.0179862 2
