# X-nullcline
1.58343e-05 1.05 1
1.59037e-05 1.0445 1

1.59037e-05 1.0445 1
1.5974e-05 1.039 1

1.59742e-05 1.039 1
1.60458e-05 1.0335 1

1.60456e-05 1.0335 1
1.61179e-05 1.028 1

1.61181e-05 1.028 1
1.6192e-05 1.0225 1

1.61917e-05 1.0225 1
1.62665e-05 1.017 1

1.62663e-05 1.017 1
1.63424e-05 1.0115 1

1.63421e-05 1.0115 1
1.64188e-05 1.006 1

1.64191e-05 1.006 1
1.64974e-05 1.0005 1

1.64973e-05 1.0005 1
1.65761e-05 0.995 1

1.65766e-05 0.995 1
1.66572e-05 0.9895 1

1.66572e-05 0.9895 1
1.67391e-05 0.984 1

1.6739e-05 0.984 1
1.6822e-05 0.9785 1

1.68221e-05 0.9785 1
1.69068e-05 0.973 1

1.69065e-05 0.973 1
1.69924e-05 0.9675 1

1.69923e-05 0.9675 1
1.708e-05 0.962 1

1.70795e-05 0.962 1
1.7168e-05 0.9565 1

1.71681e-05 0.9565 1
1.72583e-05 0.951 1

1.72581e-05 0.951 1
1.73496e-05 0.9455 1

1.73496e-05 0.9455 1
1.74427e-05 0.94 1

1.74426e-05 0.94 1
1.75373e-05 0.9345 1

1.75372e-05 0.9345 1
1.76332e-05 0.929 1

1.76334e-05 0.929 1
1.77315e-05 0.9235 1

1.77312e-05 0.9235 1
1.78306e-05 0.918 1

1.78306e-05 0.918 1
1.79317e-05 0.9125 1

1.79317e-05 0.9125 1
1.80346e-05 0.907 1

1.80346e-05 0.907 1
1.81394e-05 0.9015 1

1.81393e-05 0.9015 1
1.8246e-05 0.896 1

1.82459e-05 0.896 1
1.83545e-05 0.8905 1

1.83543e-05 0.8905 1
1.84644e-05 0.885 1

1.84648e-05 0.885 1
1.85776e-05 0.8795 1

1.85771e-05 0.8795 1
1.86916e-05 0.874 1

1.86915e-05 0.874 1
1.88081e-05 0.8685 1

1.88079e-05 0.8685 1
1.89268e-05 0.863 1

1.89267e-05 0.863 1
1.90474e-05 0.8575 1

1.90476e-05 0.8575 1
1.91708e-05 0.852 1

1.91706e-05 0.852 1
1.92961e-05 0.8465 1

1.92961e-05 0.8465 1
1.94241e-05 0.841 1

1.9424e-05 0.841 1
1.9554e-05 0.8355 1

1.95543e-05 0.8355 1
1.96872e-05 0.83 1

1.96872e-05 0.83 1
1.98227e-05 0.8245 1

1.98226e-05 0.8245 1
1.99606e-05 0.819 1

1.99607e-05 0.819 1
2.01017e-05 0.8135 1

2.01016e-05 0.8135 1
2.02451e-05 0.808 1

2.02453e-05 0.808 1
2.03918e-05 0.8025 1

2.03919e-05 0.8025 1
2.05413e-05 0.797 1

2.05415e-05 0.797 1
2.06945e-05 0.7915 1

2.06942e-05 0.7915 1
2.085e-05 0.786 1

2.085e-05 0.786 1
2.10092e-05 0.7805 1

0.8245 0.780584 1
0.824125 0.7805 1

0.83 0.781671 1
0.8245 0.780584 1

0.8355 0.782633 1
0.83 0.781671 1

0.841 0.783463 1
0.8355 0.782633 1

0.8465 0.784151 1
0.841 0.783463 1

0.852 0.784687 1
0.8465 0.784151 1

0.8575 0.785059 1
0.852 0.784687 1

0.863 0.785256 1
0.8575 0.785059 1

0.8685 0.785264 1
0.863 0.785256 1

0.874 0.785071 1
0.8685 0.785264 1

0.8795 0.78466 1
0.874 0.785071 1

0.885 0.784018 1
0.8795 0.78466 1

0.8905 0.783126 1
0.885 0.784018 1

0.896 0.781967 1
0.8905 0.783126 1

0.9015 0.780523 1
0.896 0.781967 1

0.901575 0.7805 1
0.9015 0.780523 1

2.10093e-05 0.7805 1
2.11718e-05 0.775 1

0.8025 0.77502 1
0.802434 0.775 1

0.808 0.776562 1
0.8025 0.77502 1

0.8135 0.778009 1
0.808 0.776562 1

0.819 0.779352 1
0.8135 0.778009 1

0.824125 0.7805 1
0.819 0.779352 1

0.901575 0.7805 1
0.907 0.778709 1

0.9125 0.776553 1
0.907 0.778709 1

0.915936 0.775 1
0.9125 0.776553 1

2.11718e-05 0.775 1
2.13375e-05 0.7695 1

0.786 0.769756 1
0.78528 0.7695 1

0.7915 0.771592 1
0.786 0.769756 1

0.797 0.773349 1
0.7915 0.771592 1

0.802434 0.775 1
0.797 0.773349 1

0.915936 0.775 1
0.918 0.773995 1

0.9235 0.77097 1
0.918 0.773995 1

0.925888 0.7695 1
0.9235 0.77097 1

2.13378e-05 0.7695 1
2.15075e-05 0.764 1

0.775 0.765784 1
0.770324 0.764 1

0.7805 0.767808 1
0.775 0.765784 1

0.78528 0.7695 1
0.7805 0.767808 1

0.925888 0.7695 1
0.929 0.767431 1

0.933648 0.764 1
0.929 0.767431 1

2.15074e-05 0.764 1
2.16807e-05 0.7585 1

0.7585 0.759234 1
0.756783 0.7585 1

0.764 0.76149 1
0.7585 0.759234 1

0.7695 0.763687 1
0.764 0.76149 1

0.770324 0.764 1
0.7695 0.763687 1

0.933648 0.764 1
0.9345 0.763319 1

0.94 0.758524 1
0.9345 0.763319 1

0.940026 0.7585 1
0.94 0.758524 1

2.16806e-05 0.7585 1
2.18577e-05 0.753 1

0.7475 0.754484 1
0.744213 0.753 1

0.753 0.756892 1
0.7475 0.754484 1

0.756783 0.7585 1
0.753 0.756892 1

0.940026 0.7585 1
0.945425 0.753 1

2.18578e-05 0.753 1
2.20388e-05 0.7475 1

0.7365 0.749458 1
0.732372 0.7475 1

0.742 0.752007 1
0.7365 0.749458 1

0.744213 0.753 1
0.742 0.752007 1

0.945425 0.753 1
0.9455 0.752917 1

0.950095 0.7475 1
0.9455 0.752917 1

2.20387e-05 0.7475 1
2.22242e-05 0.742 1

0.7255 0.744173 1
0.721126 0.742 1

0.731 0.746853 1
0.7255 0.744173 1

0.732372 0.7475 1
0.731 0.746853 1

0.950095 0.7475 1
0.951 0.746341 1

0.954204 0.742 1
0.951 0.746341 1

2.22239e-05 0.742 1
2.24132e-05 0.7365 1

0.7145 0.738644 1
0.710367 0.7365 1

0.72 0.741445 1
0.7145 0.738644 1

0.721126 0.742 1
0.72 0.741445 1

0.954204 0.742 1
0.9565 0.738617 1

0.957868 0.7365 1
0.9565 0.738617 1

2.24132e-05 0.7365 1
2.26065e-05 0.731 1

0.7035 0.732883 1
0.700012 0.731 1

0.709 0.735796 1
0.7035 0.732883 1

0.710367 0.7365 1
0.709 0.735796 1

0.957868 0.7365 1
0.961152 0.731 1

2.26067e-05 0.731 1
2.28048e-05 0.7255 1

0.6925 0.726903 1
0.689997 0.7255 1

0.698 0.729922 1
0.6925 0.726903 1

0.700012 0.731 1
0.698 0.729922 1

0.961152 0.731 1
0.962 0.729468 1

0.964109 0.7255 1
0.962 0.729468 1

2.28048e-05 0.7255 1
2.30074e-05 0.72 1

0.6815 0.720716 1
0.680267 0.72 1

0.687 0.723833 1
0.6815 0.720716 1

0.689997 0.7255 1
0.687 0.723833 1

0.964109 0.7255 1
0.966802 0.72 1

2.30075e-05 0.72 1
2.32151e-05 0.7145 1

0.676 0.717542 1
0.670794 0.7145 1

0.680267 0.72 1
0.676 0.717542 1

0.966802 0.72 1
0.9675 0.718466 1

0.969247 0.7145 1
0.9675 0.718466 1

2.3215e-05 0.7145 1
2.34274e-05 0.709 1

0.665 0.711058 1
0.661592 0.709 1

0.6705 0.714329 1
0.665 0.711058 1

0.670794 0.7145 1
0.6705 0.714329 1

0.969247 0.7145 1
0.971488 0.709 1

2.34275e-05 0.709 1
2.36453e-05 0.7035 1

0.654 0.70439 1
0.652571 0.7035 1

0.6595 0.707747 1
0.654 0.70439 1

0.661592 0.709 1
0.6595 0.707747 1

0.971488 0.709 1
0.973 0.704993 1

0.973548 0.7035 1
0.973 0.704993 1

2.3645e-05 0.7035 1
2.38679e-05 0.698 1

0.6485 0.700985 1
0.643735 0.698 1

0.652571 0.7035 1
0.6485 0.700985 1

0.973548 0.7035 1
0.975434 0.698 1

2.38678e-05 0.698 1
2.40961e-05 0.6925 1

0.6375 0.694052 1
0.635094 0.6925 1

0.643 0.697543 1
0.6375 0.694052 1

0.643735 0.698 1
0.643 0.697543 1

0.975434 0.698 1
0.97718 0.6925 1

2.40961e-05 0.6925 1
2.43299e-05 0.687 1

0.632 0.690521 1
0.626573 0.687 1

0.635094 0.6925 1
0.632 0.690521 1

0.97718 0.6925 1
0.9785 0.688022 1

0.978795 0.687 1
0.9785 0.688022 1

2.433e-05 0.687 1
2.45702e-05 0.6815 1

0.621 0.683338 1
0.618244 0.6815 1

0.6265 0.686953 1
0.621 0.683338 1

0.626573 0.687 1
0.6265 0.686953 1

0.978795 0.687 1
0.980281 0.6815 1

2.45699e-05 0.6815 1
2.4816e-05 0.676 1

0.6155 0.679686 1
0.610003 0.676 1

0.618244 0.6815 1
0.6155 0.679686 1

0.980281 0.6815 1
0.981662 0.676 1

2.48158e-05 0.676 1
2.50679e-05 0.6705 1

0.6045 0.672267 1
0.601932 0.6705 1

0.61 0.675998 1
0.6045 0.672267 1

0.610003 0.676 1
0.61 0.675998 1

0.981662 0.676 1
0.982946 0.6705 1

2.5068e-05 0.6705 1
2.53264e-05 0.665 1

0.599 0.6685 1
0.593941 0.665 1

0.601932 0.6705 1
0.599 0.6685 1

0.982946 0.6705 1
0.984 0.665647 1

0.984138 0.665 1
0.984 0.665647 1

2.53267e-05 0.665 1
2.55923e-05 0.6595 1

0.588 0.660857 1
0.586086 0.6595 1

0.5935 0.664697 1
0.588 0.660857 1

0.593941 0.665 1
0.5935 0.664697 1

0.984138 0.665 1
0.985242 0.6595 1

2.55922e-05 0.6595 1
2.58647e-05 0.654 1

0.5825 0.65698 1
0.578318 0.654 1

0.586086 0.6595 1
0.5825 0.65698 1

0.985242 0.6595 1
0.98627 0.654 1

2.58647e-05 0.654 1
2.61441e-05 0.6485 1

0.5715 0.649122 1
0.570647 0.6485 1

0.577 0.653068 1
0.5715 0.649122 1

0.578318 0.654 1
0.577 0.653068 1

0.98627 0.654 1
0.987228 0.6485 1

2.61446e-05 0.6485 1
2.64319e-05 0.643 1

0.566 0.645142 1
0.563078 0.643 1

0.570647 0.6485 1
0.566 0.645142 1

0.987228 0.6485 1
0.988121 0.643 1

2.64319e-05 0.643 1
2.67276e-05 0.6375 1

0.5605 0.641127 1
0.555579 0.6375 1

0.563078 0.643 1
0.5605 0.641127 1

0.988121 0.643 1
0.988953 0.6375 1

2.67273e-05 0.6375 1
2.70307e-05 0.632 1

0.5495 0.632996 1
0.548177 0.632 1

0.555 0.637077 1
0.5495 0.632996 1

0.555579 0.6375 1
0.555 0.637077 1

0.988953 0.6375 1
0.9895 0.633631 1

0.989728 0.632 1
0.9895 0.633631 1

2.70307e-05 0.632 1
2.73427e-05 0.6265 1

0.544 0.628883 1
0.540851 0.6265 1

0.548177 0.632 1
0.544 0.628883 1

0.989728 0.632 1
0.990449 0.6265 1

2.73426e-05 0.6265 1
2.76635e-05 0.621 1

0.5385 0.624736 1
0.53359 0.621 1

0.540851 0.6265 1
0.5385 0.624736 1

0.990449 0.6265 1
0.991122 0.621 1

2.76634e-05 0.621 1
2.79937e-05 0.6155 1

0.5275 0.616346 1
0.526409 0.6155 1

0.533 0.620555 1
0.5275 0.616346 1

0.53359 0.621 1
0.533 0.620555 1

0.991122 0.621 1
0.99175 0.6155 1

2.79934e-05 0.6155 1
2.83327e-05 0.61 1

0.522 0.612107 1
0.519299 0.61 1

0.526409 0.6155 1
0.522 0.612107 1

0.99175 0.6155 1
0.992336 0.61 1

2.83329e-05 0.61 1
2.86824e-05 0.6045 1

0.5165 0.607835 1
0.512247 0.6045 1

0.519299 0.61 1
0.5165 0.607835 1

0.992336 0.61 1
0.992883 0.6045 1

2.86825e-05 0.6045 1
2.90424e-05 0.599 1

0.5055 0.599194 1
0.505257 0.599 1

0.511 0.60353 1
0.5055 0.599194 1

0.512247 0.6045 1
0.511 0.60353 1

0.992883 0.6045 1
0.993393 0.599 1

2.90425e-05 0.599 1
2.9413e-05 0.5935 1

0.5 0.594836 1
0.498337 0.5935 1

0.505257 0.599 1
0.5 0.594836 1

0.993393 0.599 1
0.993869 0.5935 1

2.94133e-05 0.5935 1
2.97953e-05 0.588 1

0.4945 0.590445 1
0.491471 0.588 1

0.498337 0.5935 1
0.4945 0.590445 1

0.993869 0.5935 1
0.994312 0.588 1

2.97953e-05 0.588 1
3.01898e-05 0.5825 1

0.489 0.586023 1
0.484658 0.5825 1

0.491471 0.588 1
0.489 0.586023 1

0.994312 0.588 1
0.994726 0.5825 1

3.01892e-05 0.5825 1
3.05953e-05 0.577 1

0.478 0.577083 1
0.477899 0.577 1

0.4835 0.581568 1
0.478 0.577083 1

0.484658 0.5825 1
0.4835 0.581568 1

0.994726 0.5825 1
0.995 0.578603 1

0.995112 0.577 1
0.995 0.578603 1

3.05954e-05 0.577 1
3.10144e-05 0.5715 1

0.4725 0.57258 1
0.471198 0.5715 1

0.477899 0.577 1
0.4725 0.57258 1

0.995112 0.577 1
0.995471 0.5715 1

3.10145e-05 0.5715 1
3.14466e-05 0.566 1

0.467 0.568046 1
0.464546 0.566 1

0.471198 0.5715 1
0.467 0.568046 1

0.995471 0.5715 1
0.995806 0.566 1

3.1447e-05 0.566 1
3.18931e-05 0.5605 1

0.4615 0.563481 1
0.457942 0.5605 1

0.464546 0.566 1
0.4615 0.563481 1

0.995806 0.566 1
0.996118 0.5605 1

3.18935e-05 0.5605 1
3.23551e-05 0.555 1

0.456 0.558886 1
0.451387 0.555 1

0.457942 0.5605 1
0.456 0.558886 1

0.996118 0.5605 1
0.996409 0.555 1

3.23548e-05 0.555 1
3.28314e-05 0.5495 1

0.445 0.549605 1
0.444877 0.5495 1

0.4505 0.554259 1
0.445 0.549605 1

0.451387 0.555 1
0.4505 0.554259 1

0.996409 0.555 1
0.996679 0.5495 1

3.28315e-05 0.5495 1
3.33241e-05 0.544 1

0.4395 0.544935 1
0.438413 0.544 1

0.444877 0.5495 1
0.4395 0.544935 1

0.996679 0.5495 1
0.996931 0.544 1

3.33244e-05 0.544 1
3.3834e-05 0.5385 1

0.434 0.540235 1
0.431992 0.5385 1

0.438413 0.544 1
0.434 0.540235 1

0.996931 0.544 1
0.997166 0.5385 1

3.3834e-05 0.5385 1
3.43616e-05 0.533 1

0.4285 0.535506 1
0.425614 0.533 1

0.431992 0.5385 1
0.4285 0.535506 1

0.997166 0.5385 1
0.997384 0.533 1

3.43614e-05 0.533 1
3.49078e-05 0.5275 1

0.423 0.530747 1
0.419279 0.5275 1

0.425614 0.533 1
0.423 0.530747 1

0.997384 0.533 1
0.997586 0.5275 1

3.49075e-05 0.5275 1
3.54731e-05 0.522 1

0.4175 0.525959 1
0.412986 0.522 1

0.419279 0.5275 1
0.4175 0.525959 1

0.997586 0.5275 1
0.997775 0.522 1

3.54731e-05 0.522 1
3.60589e-05 0.5165 1

0.412 0.521142 1
0.406734 0.5165 1

0.412986 0.522 1
0.412 0.521142 1

0.997775 0.522 1
0.99795 0.5165 1

3.60592e-05 0.5165 1
3.66666e-05 0.511 1

0.401 0.511432 1
0.400516 0.511 1

0.4065 0.516295 1
0.401 0.511432 1

0.406734 0.5165 1
0.4065 0.516295 1

0.99795 0.5165 1
0.998112 0.511 1

3.66669e-05 0.511 1
3.72976e-05 0.5055 1

0.3955 0.506546 1
0.394335 0.5055 1

0.400516 0.511 1
0.3955 0.506546 1

0.998112 0.511 1
0.998263 0.5055 1

3.72973e-05 0.5055 1
3.79514e-05 0.5 1

0.39 0.501632 1
0.388191 0.5 1

0.394335 0.5055 1
0.39 0.501632 1

0.998263 0.5055 1
0.998402 0.5 1

3.79516e-05 0.5 1
3.86313e-05 0.4945 1

0.3845 0.49669 1
0.382085 0.4945 1

0.388191 0.5 1
0.3845 0.49669 1

0.998402 0.5 1
0.998532 0.4945 1

3.8631e-05 0.4945 1
3.93372e-05 0.489 1

0.379 0.49172 1
0.376016 0.489 1

0.382085 0.4945 1
0.379 0.49172 1

0.998532 0.4945 1
0.998652 0.489 1

3.93371e-05 0.489 1
4.00711e-05 0.4835 1

0.3735 0.486722 1
0.369982 0.4835 1

0.376016 0.489 1
0.3735 0.486722 1

0.998652 0.489 1
0.998763 0.4835 1

4.00712e-05 0.4835 1
4.08348e-05 0.478 1

0.368 0.481696 1
0.363984 0.478 1

0.369982 0.4835 1
0.368 0.481696 1

0.998763 0.4835 1
0.998866 0.478 1

4.08349e-05 0.478 1
4.16301e-05 0.4725 1

0.3625 0.476643 1
0.35802 0.4725 1

0.363984 0.478 1
0.3625 0.476643 1

0.998866 0.478 1
0.998961 0.4725 1

4.16298e-05 0.4725 1
4.24576e-05 0.467 1

0.357 0.471562 1
0.35209 0.467 1

0.35802 0.4725 1
0.357 0.471562 1

0.998961 0.4725 1
0.999048 0.467 1

4.24579e-05 0.467 1
4.33209e-05 0.4615 1

0.3515 0.466454 1
0.346194 0.4615 1

0.35209 0.467 1
0.3515 0.466454 1

0.999048 0.467 1
0.999129 0.4615 1

4.3321e-05 0.4615 1
4.42211e-05 0.456 1

0.3405 0.456165 1
0.340325 0.456 1

0.346 0.46132 1
0.3405 0.456165 1

0.346194 0.4615 1
0.346 0.46132 1

0.999129 0.4615 1
0.999204 0.456 1

4.42212e-05 0.456 1
4.51612e-05 0.4505 1

0.335 0.45099 1
0.334483 0.4505 1

0.340325 0.456 1
0.335 0.45099 1

0.999204 0.456 1
0.999273 0.4505 1

4.51607e-05 0.4505 1
4.61424e-05 0.445 1

0.3295 0.445789 1
0.328672 0.445 1

0.334483 0.4505 1
0.3295 0.445789 1

0.999273 0.4505 1
0.999337 0.445 1

4.61421e-05 0.445 1
4.71678e-05 0.4395 1

0.324 0.440561 1
0.322892 0.4395 1

0.328672 0.445 1
0.324 0.440561 1

0.999337 0.445 1
0.999395 0.4395 1

4.71678e-05 0.4395 1
4.82411e-05 0.434 1

0.3185 0.435306 1
0.317143 0.434 1

0.322892 0.4395 1
0.3185 0.435306 1

0.999395 0.4395 1
0.999449 0.434 1

4.82408e-05 0.434 1
4.93643e-05 0.4285 1

0.313 0.430024 1
0.311424 0.4285 1

0.317143 0.434 1
0.313 0.430024 1

0.999449 0.434 1
0.999498 0.4285 1

4.93639e-05 0.4285 1
5.05405e-05 0.423 1

0.3075 0.424716 1
0.305734 0.423 1

0.311424 0.4285 1
0.3075 0.424716 1

0.999498 0.4285 1
0.999544 0.423 1

5.05407e-05 0.423 1
5.17741e-05 0.4175 1

0.302 0.419381 1
0.300073 0.4175 1

0.305734 0.423 1
0.302 0.419381 1

0.999544 0.423 1
0.999585 0.4175 1

5.17746e-05 0.4175 1
5.307e-05 0.412 1

0.2965 0.414019 1
0.29444 0.412 1

0.300073 0.4175 1
0.2965 0.414019 1

0.999585 0.4175 1
0.999623 0.412 1

5.30695e-05 0.412 1
5.44298e-05 0.4065 1

0.291 0.408631 1
0.288836 0.4065 1

0.29444 0.412 1
0.291 0.408631 1

0.999623 0.412 1
0.999658 0.4065 1

5.44296e-05 0.4065 1
5.58593e-05 0.401 1

0.2855 0.403217 1
0.28326 0.401 1

0.288836 0.4065 1
0.2855 0.403217 1

0.999658 0.4065 1
0.99969 0.401 1

5.58596e-05 0.401 1
5.73643e-05 0.3955 1

0.28 0.397776 1
0.277711 0.3955 1

0.28326 0.401 1
0.28 0.397776 1

0.99969 0.401 1
0.99972 0.3955 1

5.73644e-05 0.3955 1
5.89499e-05 0.39 1

0.2745 0.392308 1
0.272189 0.39 1

0.277711 0.3955 1
0.2745 0.392308 1

0.99972 0.3955 1
0.999747 0.39 1

5.89495e-05 0.39 1
6.06207e-05 0.3845 1

0.269 0.386813 1
0.266694 0.3845 1

0.272189 0.39 1
0.269 0.386813 1

0.999747 0.39 1
0.999771 0.3845 1

6.06209e-05 0.3845 1
6.23851e-05 0.379 1

0.2635 0.381292 1
0.261226 0.379 1

0.266694 0.3845 1
0.2635 0.381292 1

0.999771 0.3845 1
0.999793 0.379 1

6.23852e-05 0.379 1
6.42496e-05 0.3735 1

0.258 0.375743 1
0.255784 0.3735 1

0.261226 0.379 1
0.258 0.375743 1

0.999793 0.379 1
0.999814 0.3735 1

6.42493e-05 0.3735 1
6.62212e-05 0.368 1

0.2525 0.370168 1
0.250368 0.368 1

0.255784 0.3735 1
0.2525 0.370168 1

0.999814 0.3735 1
0.999832 0.368 1

6.62215e-05 0.368 1
6.83102e-05 0.3625 1

0.247 0.364565 1
0.244978 0.3625 1

0.250368 0.368 1
0.247 0.364565 1

0.999832 0.368 1
0.999849 0.3625 1

6.83101e-05 0.3625 1
7.05244e-05 0.357 1

0.2415 0.358934 1
0.239615 0.357 1

0.244978 0.3625 1
0.2415 0.358934 1

0.999849 0.3625 1
0.999864 0.357 1

7.05248e-05 0.357 1
7.2876e-05 0.3515 1

0.236 0.353275 1
0.234277 0.3515 1

0.239615 0.357 1
0.236 0.353275 1

0.999864 0.357 1
0.999878 0.3515 1

7.28763e-05 0.3515 1
7.53761e-05 0.346 1

0.2305 0.347588 1
0.228965 0.346 1

0.234277 0.3515 1
0.2305 0.347588 1

0.999878 0.3515 1
0.999891 0.346 1

7.5376e-05 0.346 1
7.80374e-05 0.3405 1

0.225 0.341872 1
0.22368 0.3405 1

0.228965 0.346 1
0.225 0.341872 1

0.999891 0.346 1
0.999902 0.3405 1

7.80371e-05 0.3405 1
8.08742e-05 0.335 1

0.2195 0.336126 1
0.218421 0.335 1

0.22368 0.3405 1
0.2195 0.336126 1

0.999902 0.3405 1
0.999912 0.335 1

8.0874e-05 0.335 1
8.39024e-05 0.3295 1

0.214 0.33035 1
0.213188 0.3295 1

0.218421 0.335 1
0.214 0.33035 1

0.999912 0.335 1
0.999922 0.3295 1

8.39026e-05 0.3295 1
8.71411e-05 0.324 1

0.2085 0.324543 1
0.207983 0.324 1

0.213188 0.3295 1
0.2085 0.324543 1

0.999922 0.3295 1
0.99993 0.324 1

8.71409e-05 0.324 1
9.06088e-05 0.3185 1

0.203 0.318704 1
0.202806 0.3185 1

0.207983 0.324 1
0.203 0.318704 1

0.99993 0.324 1
0.999938 0.3185 1

9.0609e-05 0.3185 1
9.43295e-05 0.313 1

0.202806 0.3185 1
0.197642 0.313 1

0.999938 0.3185 1
0.999944 0.313 1

9.43292e-05 0.313 1
9.83272e-05 0.3075 1

0.1975 0.312848 1
0.192483 0.3075 1

0.197642 0.313 1
0.1975 0.312848 1

0.999944 0.313 1
0.999951 0.3075 1

9.83269e-05 0.3075 1
0.00010263 0.302 1

0.192 0.30698 1
0.187347 0.302 1

0.192483 0.3075 1
0.192 0.30698 1

0.999951 0.3075 1
0.999956 0.302 1

0.00010263 0.302 1
0.000107272 0.2965 1

0.1865 0.301083 1
0.182236 0.2965 1

0.187347 0.302 1
0.1865 0.301083 1

0.999956 0.302 1
0.999961 0.2965 1

0.000107272 0.2965 1
0.000112289 0.291 1

0.181 0.295154 1
0.177149 0.291 1

0.182236 0.2965 1
0.181 0.295154 1

0.999961 0.2965 1
0.999965 0.291 1

0.000112289 0.291 1
0.000117721 0.2855 1

0.1755 0.289194 1
0.172088 0.2855 1

0.177149 0.291 1
0.1755 0.289194 1

0.999965 0.291 1
0.999969 0.2855 1

0.000117721 0.2855 1
0.000123617 0.28 1

0.17 0.283201 1
0.167054 0.28 1

0.172088 0.2855 1
0.17 0.283201 1

0.999969 0.2855 1
0.999973 0.28 1

0.000123617 0.28 1
0.000130031 0.2745 1

0.1645 0.277173 1
0.162048 0.2745 1

0.167054 0.28 1
0.1645 0.277173 1

0.999973 0.28 1
0.999976 0.2745 1

0.000130031 0.2745 1
0.000137025 0.269 1

0.159 0.271109 1
0.157071 0.269 1

0.162048 0.2745 1
0.159 0.271109 1

0.999976 0.2745 1
0.999979 0.269 1

0.000137025 0.269 1
0.00014467 0.2635 1

0.1535 0.265005 1
0.152127 0.2635 1

0.157071 0.269 1
0.1535 0.265005 1

0.999979 0.269 1
0.999982 0.2635 1

0.00014467 0.2635 1
0.00015305 0.258 1

0.148 0.258861 1
0.147216 0.258 1

0.152127 0.2635 1
0.148 0.258861 1

0.999982 0.2635 1
0.999984 0.258 1

0.00015305 0.258 1
0.000162262 0.2525 1

0.1425 0.252673 1
0.142343 0.2525 1

0.147216 0.258 1
0.1425 0.252673 1

0.999984 0.258 1
0.999986 0.2525 1

0.000162262 0.2525 1
0.000172418 0.247 1

0.142343 0.2525 1
0.13743 0.247 1

0.999986 0.2525 1
0.999988 0.247 1

0.000172418 0.247 1
0.00018365 0.2415 1

0.137 0.246508 1
0.13252 0.2415 1

0.13743 0.247 1
0.137 0.246508 1

0.999988 0.247 1
0.999989 0.2415 1

0.00018365 0.2415 1
0.000196114 0.236 1

0.1315 0.240325 1
0.12764 0.236 1

0.13252 0.2415 1
0.1315 0.240325 1

0.999989 0.2415 1
0.99999 0.236 1

0.000196114 0.236 1
0.000209994 0.2305 1

0.126 0.234102 1
0.122791 0.2305 1

0.12764 0.236 1
0.126 0.234102 1

0.99999 0.236 1
0.999992 0.2305 1

0.000209993 0.2305 1
0.00022551 0.225 1

0.1205 0.227834 1
0.117977 0.225 1

0.122791 0.2305 1
0.1205 0.227834 1

0.999992 0.2305 1
0.999993 0.225 1

0.000225509 0.225 1
0.000242924 0.2195 1

0.115 0.221519 1
0.113203 0.2195 1

0.117977 0.225 1
0.115 0.221519 1

0.999993 0.225 1
0.999994 0.2195 1

0.000242924 0.2195 1
0.000262555 0.214 1

0.1095 0.215151 1
0.108475 0.214 1

0.113203 0.2195 1
0.1095 0.215151 1

0.999994 0.2195 1
0.999995 0.214 1

0.000262555 0.214 1
0.000284787 0.2085 1

0.104 0.208726 1
0.103798 0.2085 1

0.108475 0.214 1
0.104 0.208726 1

0.999995 0.214 1
0.999995 0.2085 1

0.000284787 0.2085 1
0.000310091 0.203 1

0.103798 0.2085 1
0.099034 0.203 1

0.999995 0.2085 1
0.999996 0.203 1

0.000310091 0.203 1
0.000339048 0.1975 1

0.0985 0.202358 1
0.0942604 0.1975 1

0.099034 0.203 1
0.0985 0.202358 1

0.999996 0.203 1
0.999996 0.1975 1

0.000339048 0.1975 1
0.00037238 0.192 1

0.093 0.195977 1
0.0895234 0.192 1

0.0942604 0.1975 1
0.093 0.195977 1

0.999996 0.1975 1
0.999997 0.192 1

0.00037238 0.192 1
0.000410995 0.1865 1

0.0875 0.189545 1
0.0848291 0.1865 1

0.0895234 0.192 1
0.0875 0.189545 1

0.999997 0.192 1
0.999997 0.1865 1

0.000410995 0.1865 1
0.000456046 0.181 1

0.082 0.183057 1
0.0801857 0.181 1

0.0848291 0.1865 1
0.082 0.183057 1

0.999997 0.1865 1
0.999998 0.181 1

0.000456046 0.181 1
0.000509013 0.1755 1

0.0765 0.176507 1
0.0756035 0.1755 1

0.0801857 0.181 1
0.0765 0.176507 1

0.999998 0.181 1
0.999998 0.1755 1

0.000509013 0.1755 1
0.000571827 0.17 1

0.0756035 0.1755 1
0.0710697 0.17 1

0.999998 0.1755 1
0.999998 0.17 1

0.000571827 0.17 1
0.000647038 0.1645 1

0.071 0.169913 1
0.0663274 0.1645 1

0.0710697 0.17 1
0.071 0.169913 1

0.999998 0.17 1
0.999999 0.1645 1

0.000647038 0.1645 1
0.000738082 0.159 1

0.0655 0.16346 1
0.0616156 0.159 1

0.0663274 0.1645 1
0.0655 0.16346 1

0.999999 0.1645 1
0.999999 0.159 1

0.000738083 0.159 1
0.00084968 0.1535 1

0.06 0.156968 1
0.0569393 0.1535 1

0.0616156 0.159 1
0.06 0.156968 1

0.999999 0.159 1
0.999999 0.1535 1

0.00084968 0.1535 1
0.000988466 0.148 1

0.0545 0.150439 1
0.0523043 0.148 1

0.0569393 0.1535 1
0.0545 0.150439 1

0.999999 0.1535 1
0.999999 0.148 1

0.000988466 0.148 1
0.00116405 0.1425 1

0.049 0.143883 1
0.0477174 0.1425 1

0.0523043 0.148 1
0.049 0.143883 1

0.999999 0.148 1
0.999999 0.1425 1

0.00116405 0.1425 1
0.00139083 0.137 1

0.0435 0.137324 1
0.0431862 0.137 1

0.0477174 0.1425 1
0.0435 0.137324 1

0.999999 0.1425 1
0.999999 0.137 1

0.00139083 0.137 1
0.00169131 0.1315 1

0.0431862 0.137 1
0.0384106 0.1315 1

0.999999 0.137 1
0.999999 0.1315 1

0.00169131 0.1315 1
0.00210258 0.126 1

0.038 0.130969 1
0.0334469 0.126 1

0.0384106 0.1315 1
0.038 0.130969 1

0.999999 0.1315 1
1 0.126 1

0.00210258 0.126 1
0.00269038 0.1205 1

0.0325 0.124796 1
0.0283482 0.1205 1

0.0334469 0.126 1
0.0325 0.124796 1

1 0.126 1
1 0.1205 1

0.00269038 0.1205 1
0.00358279 0.115 1

0.027 0.11884 1
0.0229608 0.115 1

0.0283482 0.1205 1
0.027 0.11884 1

1 0.1205 1
1 0.115 1

0.00358279 0.115 1
0.005 0.109716 1

0.00513062 0.1095 1
0.005 0.109716 1

0.0215 0.113306 1
0.0168865 0.1095 1

0.0229608 0.115 1
0.0215 0.113306 1

1 0.115 1
1 0.1095 1

0.00513062 0.1095 1
0.0105 0.105974 1

0.016 0.108581 1
0.0105 0.105974 1

0.0168865 0.1095 1
0.016 0.108581 1

1 0.1095 1
1 0.104 1

1 0.104 1
1 0.0985 1

1 0.0985001 1
1 0.0930001 1

1 0.093 1
1 0.0875 1

1 0.0875 1
1 0.082 1

1 0.0820001 1
1 0.0765001 1

1 0.0765 1
1 0.071 1

1 0.071 1
1 0.0655 1

1 0.0655001 1
1 0.0600001 1

1 0.06 1
1 0.0545 1

1 0.0545 1
1 0.049 1

1 0.0490001 1
1 0.0435001 1

1 0.0435 1
1 0.038 1

1 0.038 1
1 0.0325 1

1 0.0325001 1
1 0.0270001 1

1 0.027 1
1 0.0215 1

1 0.0215 1
1 0.016 1

1 0.0160001 1
1 0.0105001 1

1 0.0105 1
1 0.005 1

1 0.00500004 1
1 -0.000499964 1

1 -0.000499923 1
1 -0.00599992 1

1 -0.006 1
1 -0.0115 1

1 -0.0115 1
1 -0.017 1

1 -0.0169999 1
1 -0.0224999 1

1 -0.0225 1
1 -0.028 1

1 -0.028 1
1 -0.0335 1

1 -0.0334999 1
1 -0.0389999 1

1 -0.039 1
1 -0.0445 1

0.005 -0.0499725 1
4.65661e-10 -0.05 1

0.00502765 -0.05 1
0.005 -0.0499725 1

-0.0499867 0.9455 2
-0.05 0.947365 2

1.039 0.945817 2
1.03695 0.9455 2

1.0445 0.946653 2
1.039 0.945817 2

1.05 0.947475 2
1.0445 0.946653 2

-0.0499867 0.9455 2
-0.0499478 0.94 2

1.006 0.940497 2
1.00309 0.94 2

1.0115 0.94142 2
1.006 0.940497 2

1.017 0.942328 2
1.0115 0.94142 2

1.0225 0.943222 2
1.017 0.942328 2

1.028 0.944101 2
1.0225 0.943222 2

1.0335 0.944967 2
1.028 0.944101 2

1.03695 0.9455 2
1.0335 0.944967 2

-0.0499478 0.94 2
-0.049909 0.9345 2

0.973 0.934626 2
0.972335 0.9345 2

0.9785 0.935644 2
0.973 0.934626 2

0.984 0.936646 2
0.9785 0.935644 2

0.9895 0.937632 2
0.984 0.936646 2

0.995 0.938603 2
0.9895 0.937632 2

1.0005 0.939558 2
0.995 0.938603 2

1.00309 0.94 2
1.0005 0.939558 2

-0.049909 0.9345 2
-0.0498704 0.929 2

0.9455 0.929273 2
0.944163 0.929 2

0.951 0.930378 2
0.9455 0.929273 2

0.9565 0.931465 2
0.951 0.930378 2

0.962 0.932535 2
0.9565 0.931465 2

0.9675 0.933589 2
0.962 0.932535 2

0.972335 0.9345 2
0.9675 0.933589 2

-0.0498704 0.929 2
-0.0498319 0.9235 2

0.9235 0.924668 2
0.918131 0.9235 2

0.929 0.925847 2
0.9235 0.924668 2

0.9345 0.927007 2
0.929 0.925847 2

0.94 0.928149 2
0.9345 0.927007 2

0.944163 0.929 2
0.94 0.928149 2

-0.0498319 0.9235 2
-0.0497937 0.918 2

0.896 0.918483 2
0.893955 0.918 2

0.9015 0.919759 2
0.896 0.918483 2

0.907 0.921015 2
0.9015 0.919759 2

0.9125 0.922253 2
0.907 0.921015 2

0.918 0.923471 2
0.9125 0.922253 2

0.918131 0.9235 2
0.918 0.923471 2

-0.0497937 0.918 2
-0.0497556 0.9125 2

0.874 0.913168 2
0.871342 0.9125 2

0.8795 0.914527 2
0.874 0.913168 2

0.885 0.915866 2
0.8795 0.914527 2

0.8905 0.917185 2
0.885 0.915866 2

0.893955 0.918 2
0.8905 0.917185 2

-0.0497556 0.9125 2
-0.0497176 0.907 2

0.852 0.90751 2
0.850097 0.907 2

0.8575 0.908956 2
0.852 0.90751 2

0.863 0.910382 2
0.8575 0.908956 2

0.8685 0.911786 2
0.863 0.910382 2

0.871342 0.9125 2
0.8685 0.911786 2

-0.0497176 0.907 2
-0.0496799 0.9015 2

0.8355 0.903028 2
0.830039 0.9015 2

0.841 0.904544 2
0.8355 0.903028 2

0.8465 0.906038 2
0.841 0.904544 2

0.850097 0.907 2
0.8465 0.906038 2

-0.0496799 0.9015 2
-0.0496422 0.896 2

0.8135 0.896723 2
0.811074 0.896 2

0.819 0.898335 2
0.8135 0.896723 2

0.8245 0.899923 2
0.819 0.898335 2

0.83 0.901489 2
0.8245 0.899923 2

0.830039 0.9015 2
0.83 0.901489 2

-0.0496422 0.896 2
-0.0496048 0.8905 2

0.797 0.891735 2
0.793036 0.8905 2

0.8025 0.893422 2
0.797 0.891735 2

0.808 0.895085 2
0.8025 0.893422 2

0.811074 0.896 2
0.808 0.895085 2

-0.0496048 0.8905 2
-0.0495675 0.885 2

0.7805 0.886517 2
0.775842 0.885 2

0.786 0.888282 2
0.7805 0.886517 2

0.7915 0.890023 2
0.786 0.888282 2

0.793036 0.8905 2
0.7915 0.890023 2

-0.0495675 0.885 2
-0.0495303 0.8795 2

0.764 0.88106 2
0.759418 0.8795 2

0.7695 0.882906 2
0.764 0.88106 2

0.775 0.884726 2
0.7695 0.882906 2

0.775842 0.885 2
0.775 0.884726 2

-0.0495303 0.8795 2
-0.0494934 0.874 2

0.7475 0.875357 2
0.743689 0.874 2

0.753 0.877286 2
0.7475 0.875357 2

0.7585 0.879188 2
0.753 0.877286 2

0.759418 0.8795 2
0.7585 0.879188 2

-0.0494934 0.874 2
-0.0494565 0.8685 2

0.731 0.869398 2
0.728587 0.8685 2

0.7365 0.871413 2
0.731 0.869398 2

0.742 0.8734 2
0.7365 0.871413 2

0.743689 0.874 2
0.742 0.8734 2

-0.0494565 0.8685 2
-0.0494198 0.863 2

0.7145 0.863177 2
0.714047 0.863 2

0.72 0.865279 2
0.7145 0.863177 2

0.7255 0.867354 2
0.72 0.865279 2

0.728587 0.8685 2
0.7255 0.867354 2

-0.0494198 0.863 2
-0.0493832 0.8575 2

0.7035 0.858876 2
0.700056 0.8575 2

0.709 0.861041 2
0.7035 0.858876 2

0.714047 0.863 2
0.709 0.861041 2

-0.0493832 0.8575 2
-0.0493468 0.852 2

0.687 0.852196 2
0.686531 0.852 2

0.6925 0.854453 2
0.687 0.852196 2

0.698 0.856681 2
0.6925 0.854453 2

0.700056 0.8575 2
0.698 0.856681 2

-0.0493468 0.852 2
-0.0493105 0.8465 2

0.676 0.847582 2
0.673477 0.8465 2

0.6815 0.849904 2
0.676 0.847582 2

0.686531 0.852 2
0.6815 0.849904 2

-0.0493105 0.8465 2
-0.0492744 0.841 2

0.665 0.842839 2
0.660824 0.841 2

0.6705 0.845227 2
0.665 0.842839 2

0.673477 0.8465 2
0.6705 0.845227 2

-0.0492744 0.841 2
-0.0492384 0.8355 2

0.654 0.837964 2
0.64855 0.8355 2

0.6595 0.840419 2
0.654 0.837964 2

0.660824 0.841 2
0.6595 0.840419 2

-0.0492384 0.8355 2
-0.0492025 0.83 2

0.6375 0.830398 2
0.636659 0.83 2

0.643 0.832953 2
0.6375 0.830398 2

0.6485 0.835477 2
0.643 0.832953 2

0.64855 0.8355 2
0.6485 0.835477 2

-0.0492025 0.83 2
-0.0491667 0.8245 2

0.6265 0.82518 2
0.6251 0.8245 2

0.632 0.827805 2
0.6265 0.82518 2

0.636659 0.83 2
0.632 0.827805 2

-0.0491667 0.8245 2
-0.0491311 0.819 2

0.6155 0.81982 2
0.613855 0.819 2

0.621 0.822517 2
0.6155 0.81982 2

0.6251 0.8245 2
0.621 0.822517 2

-0.0491311 0.819 2
-0.0490956 0.8135 2

0.6045 0.814316 2
0.602906 0.8135 2

0.61 0.817086 2
0.6045 0.814316 2

0.613855 0.819 2
0.61 0.817086 2

-0.0490956 0.8135 2
-0.0490602 0.808 2

0.5935 0.808665 2
0.592234 0.808 2

0.599 0.811509 2
0.5935 0.808665 2

0.602906 0.8135 2
0.599 0.811509 2

-0.0490602 0.808 2
-0.0490249 0.8025 2

0.5825 0.802865 2
0.581823 0.8025 2

0.588 0.805783 2
0.5825 0.802865 2

0.592234 0.808 2
0.588 0.805783 2

-0.0490249 0.8025 2
-0.0489898 0.797 2

0.577 0.799907 2
0.57166 0.797 2

0.581823 0.8025 2
0.577 0.799907 2

-0.0489898 0.797 2
-0.0489547 0.7915 2

0.566 0.793877 2
0.561749 0.7915 2

0.5715 0.796913 2
0.566 0.793877 2

0.57166 0.797 2
0.5715 0.796913 2

-0.0489547 0.7915 2
-0.0489198 0.786 2

0.555 0.787691 2
0.552056 0.786 2

0.5605 0.790805 2
0.555 0.787691 2

0.561749 0.7915 2
0.5605 0.790805 2

-0.0489198 0.786 2
-0.048885 0.7805 2

0.544 0.781346 2
0.542566 0.7805 2

0.5495 0.784539 2
0.544 0.781346 2

0.552056 0.786 2
0.5495 0.784539 2

-0.048885 0.7805 2
-0.0488503 0.775 2

0.5385 0.778112 2
0.533271 0.775 2

0.542566 0.7805 2
0.5385 0.778112 2

-0.0488503 0.775 2
-0.0488157 0.7695 2

0.5275 0.771523 2
0.524192 0.7695 2

0.533 0.774839 2
0.5275 0.771523 2

0.533271 0.775 2
0.533 0.774839 2

-0.0488157 0.7695 2
-0.0487812 0.764 2

0.5165 0.764768 2
0.515278 0.764 2

0.522 0.768166 2
0.5165 0.764768 2

0.524192 0.7695 2
0.522 0.768166 2

-0.0487812 0.764 2
-0.0487468 0.7585 2

0.511 0.761326 2
0.506542 0.7585 2

0.515278 0.764 2
0.511 0.761326 2

-0.0487468 0.7585 2
-0.0487125 0.753 2

0.5 0.754316 2
0.497979 0.753 2

0.5055 0.757843 2
0.5 0.754316 2

0.506542 0.7585 2
0.5055 0.757843 2

-0.0487125 0.753 2
-0.0486783 0.7475 2

0.4945 0.750746 2
0.489562 0.7475 2

0.497979 0.753 2
0.4945 0.750746 2

-0.0486783 0.7475 2
-0.0486442 0.742 2

0.4835 0.743474 2
0.481318 0.742 2

0.489 0.747132 2
0.4835 0.743474 2

0.489562 0.7475 2
0.489 0.747132 2

-0.0486442 0.742 2
-0.0486102 0.7365 2

0.478 0.739771 2
0.473202 0.7365 2

0.481318 0.742 2
0.478 0.739771 2

-0.0486102 0.7365 2
-0.0485763 0.731 2

0.467 0.732231 2
0.465243 0.731 2

0.4725 0.736024 2
0.467 0.732231 2

0.473202 0.7365 2
0.4725 0.736024 2

-0.0485763 0.731 2
-0.0485425 0.7255 2

0.4615 0.728392 2
0.457411 0.7255 2

0.465243 0.731 2
0.4615 0.728392 2

-0.0485425 0.7255 2
-0.0485088 0.72 2

0.4505 0.720577 2
0.449706 0.72 2

0.456 0.724508 2
0.4505 0.720577 2

0.457411 0.7255 2
0.456 0.724508 2

-0.0485088 0.72 2
-0.0484751 0.7145 2

0.445 0.716598 2
0.442141 0.7145 2

0.449706 0.72 2
0.445 0.716598 2

-0.0484751 0.7145 2
-0.0484415 0.709 2

0.4395 0.712573 2
0.434679 0.709 2

0.442141 0.7145 2
0.4395 0.712573 2

-0.0484415 0.709 2
-0.0484081 0.7035 2

0.4285 0.704378 2
0.427347 0.7035 2

0.434 0.7085 2
0.4285 0.704378 2

0.434679 0.709 2
0.434 0.7085 2

-0.0484081 0.7035 2
-0.0483747 0.698 2

0.423 0.700208 2
0.420129 0.698 2

0.427347 0.7035 2
0.423 0.700208 2

-0.0483747 0.698 2
-0.0483413 0.6925 2

0.4175 0.695989 2
0.41301 0.6925 2

0.420129 0.698 2
0.4175 0.695989 2

-0.0483413 0.6925 2
-0.0483081 0.687 2

0.4065 0.687401 2
0.405997 0.687 2

0.412 0.69172 2
0.4065 0.687401 2

0.41301 0.6925 2
0.412 0.69172 2

-0.0483081 0.687 2
-0.0482749 0.6815 2

0.401 0.683032 2
0.399101 0.6815 2

0.405997 0.687 2
0.401 0.683032 2

-0.0482749 0.6815 2
-0.0482418 0.676 2

0.3955 0.678612 2
0.392295 0.676 2

0.399101 0.6815 2
0.3955 0.678612 2

-0.0482418 0.676 2
-0.0482088 0.6705 2

0.39 0.67414 2
0.385579 0.6705 2

0.392295 0.676 2
0.39 0.67414 2

-0.0482088 0.6705 2
-0.0481759 0.665 2

0.379 0.66504 2
0.378953 0.665 2

0.3845 0.669617 2
0.379 0.66504 2

0.385579 0.6705 2
0.3845 0.669617 2

-0.0481759 0.665 2
-0.048143 0.6595 2

0.3735 0.660411 2
0.372434 0.6595 2

0.378953 0.665 2
0.3735 0.660411 2

-0.048143 0.6595 2
-0.0481102 0.654 2

0.368 0.655729 2
0.366 0.654 2

0.372434 0.6595 2
0.368 0.655729 2

-0.0481102 0.654 2
-0.0480774 0.6485 2

0.3625 0.650993 2
0.359647 0.6485 2

0.366 0.654 2
0.3625 0.650993 2

-0.0480774 0.6485 2
-0.0480448 0.643 2

0.357 0.646201 2
0.353374 0.643 2

0.359647 0.6485 2
0.357 0.646201 2

-0.0480448 0.643 2
-0.0480121 0.6375 2

0.3515 0.641355 2
0.347181 0.6375 2

0.353374 0.643 2
0.3515 0.641355 2

-0.0480121 0.6375 2
-0.0479796 0.632 2

0.346 0.636452 2
0.341065 0.632 2

0.347181 0.6375 2
0.346 0.636452 2

-0.0479796 0.632 2
-0.0479471 0.6265 2

0.3405 0.631493 2
0.335025 0.6265 2

0.341065 0.632 2
0.3405 0.631493 2

-0.0479471 0.6265 2
-0.0479146 0.621 2

0.3295 0.621404 2
0.329069 0.621 2

0.335 0.626477 2
0.3295 0.621404 2

0.335025 0.6265 2
0.335 0.626477 2

-0.0479146 0.621 2
-0.0478822 0.6155 2

0.324 0.616273 2
0.323184 0.6155 2

0.329069 0.621 2
0.324 0.616273 2

-0.0478822 0.6155 2
-0.0478499 0.61 2

0.3185 0.611083 2
0.31737 0.61 2

0.323184 0.6155 2
0.3185 0.611083 2

-0.0478499 0.61 2
-0.0478176 0.6045 2

0.313 0.605834 2
0.311624 0.6045 2

0.31737 0.61 2
0.313 0.605834 2

-0.0478176 0.6045 2
-0.0477854 0.599 2

0.3075 0.600523 2
0.305946 0.599 2

0.311624 0.6045 2
0.3075 0.600523 2

-0.0477854 0.599 2
-0.0477532 0.5935 2

0.302 0.595152 2
0.300334 0.5935 2

0.305946 0.599 2
0.302 0.595152 2

-0.0477532 0.5935 2
-0.0477211 0.588 2

0.2965 0.589719 2
0.294786 0.588 2

0.300334 0.5935 2
0.2965 0.589719 2

-0.0477211 0.588 2
-0.047689 0.5825 2

0.291 0.584223 2
0.289301 0.5825 2

0.294786 0.588 2
0.291 0.584223 2

-0.047689 0.5825 2
-0.047657 0.577 2

0.2855 0.578664 2
0.283878 0.577 2

0.289301 0.5825 2
0.2855 0.578664 2

-0.047657 0.577 2
-0.047625 0.5715 2

0.28 0.573041 2
0.278516 0.5715 2

0.283878 0.577 2
0.28 0.573041 2

-0.047625 0.5715 2
-0.0475931 0.566 2

0.2745 0.567352 2
0.273213 0.566 2

0.278516 0.5715 2
0.2745 0.567352 2

-0.0475931 0.566 2
-0.0475612 0.5605 2

0.269 0.561597 2
0.267968 0.5605 2

0.273213 0.566 2
0.269 0.561597 2

-0.0475612 0.5605 2
-0.0475293 0.555 2

0.2635 0.555775 2
0.262779 0.555 2

0.267968 0.5605 2
0.2635 0.555775 2

-0.0475293 0.555 2
-0.0474975 0.5495 2

0.258 0.549885 2
0.257646 0.5495 2

0.262779 0.555 2
0.258 0.549885 2

-0.0474975 0.5495 2
-0.0474657 0.544 2

0.257646 0.5495 2
0.252569 0.544 2

-0.0474657 0.544 2
-0.047434 0.5385 2

0.2525 0.543926 2
0.24755 0.5385 2

0.252569 0.544 2
0.2525 0.543926 2

-0.047434 0.5385 2
-0.0474023 0.533 2

0.247 0.537899 2
0.242585 0.533 2

0.24755 0.5385 2
0.247 0.537899 2

-0.0474023 0.533 2
-0.0473706 0.5275 2

0.2415 0.531802 2
0.23767 0.5275 2

0.242585 0.533 2
0.2415 0.531802 2

-0.0473706 0.5275 2
-0.047339 0.522 2

0.236 0.525632 2
0.232806 0.522 2

0.23767 0.5275 2
0.236 0.525632 2

-0.047339 0.522 2
-0.0473074 0.5165 2

0.2305 0.519388 2
0.227991 0.5165 2

0.232806 0.522 2
0.2305 0.519388 2

-0.0473074 0.5165 2
-0.0472758 0.511 2

0.225 0.513069 2
0.223225 0.511 2

0.227991 0.5165 2
0.225 0.513069 2

-0.0472758 0.511 2
-0.0472443 0.5055 2

0.2195 0.506673 2
0.218506 0.5055 2

0.223225 0.511 2
0.2195 0.506673 2

-0.0472443 0.5055 2
-0.0472127 0.5 2

0.214 0.500198 2
0.213834 0.5 2

0.218506 0.5055 2
0.214 0.500198 2

-0.0472127 0.5 2
-0.0471813 0.4945 2

0.213834 0.5 2
0.209216 0.4945 2

-0.0471813 0.4945 2
-0.0471498 0.489 2

0.2085 0.493651 2
0.204644 0.489 2

0.209216 0.4945 2
0.2085 0.493651 2

-0.0471498 0.489 2
-0.0471184 0.4835 2

0.203 0.487023 2
0.200116 0.4835 2

0.204644 0.489 2
0.203 0.487023 2

-0.0471184 0.4835 2
-0.047087 0.478 2

0.1975 0.480312 2
0.195631 0.478 2

0.200116 0.4835 2
0.1975 0.480312 2

-0.047087 0.478 2
-0.0470556 0.4725 2

0.192 0.473515 2
0.19119 0.4725 2

0.195631 0.478 2
0.192 0.473515 2

-0.0470556 0.4725 2
-0.0470243 0.467 2

0.19119 0.4725 2
0.186794 0.467 2

-0.0470243 0.467 2
-0.046993 0.4615 2

0.1865 0.466633 2
0.182446 0.4615 2

0.186794 0.467 2
0.1865 0.466633 2

-0.046993 0.4615 2
-0.0469617 0.456 2

0.181 0.459672 2
0.178138 0.456 2

0.182446 0.4615 2
0.181 0.459672 2

-0.0469617 0.456 2
-0.0469304 0.4505 2

0.1755 0.452619 2
0.173871 0.4505 2

0.178138 0.456 2
0.1755 0.452619 2

-0.0469304 0.4505 2
-0.0468992 0.445 2

0.17 0.445468 2
0.169645 0.445 2

0.173871 0.4505 2
0.17 0.445468 2

-0.0468992 0.445 2
-0.0468679 0.4395 2

0.169645 0.445 2
0.165463 0.4395 2

-0.0468679 0.4395 2
-0.0468367 0.434 2

0.1645 0.438235 2
0.161321 0.434 2

0.165463 0.4395 2
0.1645 0.438235 2

-0.0468367 0.434 2
-0.0468055 0.4285 2

0.159 0.430906 2
0.157219 0.4285 2

0.161321 0.434 2
0.159 0.430906 2

-0.0468055 0.4285 2
-0.0467744 0.423 2

0.1535 0.42347 2
0.153157 0.423 2

0.157219 0.4285 2
0.1535 0.42347 2

-0.0467744 0.423 2
-0.0467432 0.4175 2

0.153157 0.423 2
0.149135 0.4175 2

-0.0467432 0.4175 2
-0.0467121 0.412 2

0.148 0.415947 2
0.145151 0.412 2

0.149135 0.4175 2
0.148 0.415947 2

-0.0467121 0.412 2
-0.0466809 0.4065 2

0.1425 0.408318 2
0.141207 0.4065 2

0.145151 0.412 2
0.1425 0.408318 2

-0.0466809 0.4065 2
-0.0466498 0.401 2

0.141207 0.4065 2
0.137302 0.401 2

-0.0466498 0.401 2
-0.0466188 0.3955 2

0.137 0.400575 2
0.133432 0.3955 2

0.137302 0.401 2
0.137 0.400575 2

-0.0466188 0.3955 2
-0.0465877 0.39 2

0.1315 0.39274 2
0.129602 0.39 2

0.133432 0.3955 2
0.1315 0.39274 2

-0.0465877 0.39 2
-0.0465566 0.3845 2

0.126 0.384775 2
0.125812 0.3845 2

0.129602 0.39 2
0.126 0.384775 2

-0.0465566 0.3845 2
-0.0465256 0.379 2

0.125812 0.3845 2
0.122053 0.379 2

-0.0465256 0.379 2
-0.0464945 0.3735 2

0.1205 0.376716 2
0.118333 0.3735 2

0.122053 0.379 2
0.1205 0.376716 2

-0.0464945 0.3735 2
-0.0464635 0.368 2

0.115 0.36852 2
0.114655 0.368 2

0.118333 0.3735 2
0.115 0.36852 2

-0.0464635 0.368 2
-0.0464325 0.3625 2

0.114655 0.368 2
0.111005 0.3625 2

-0.0464325 0.3625 2
-0.0464015 0.357 2

0.1095 0.360218 2
0.107393 0.357 2

0.111005 0.3625 2
0.1095 0.360218 2

-0.0464015 0.357 2
-0.0463705 0.3515 2

0.104 0.35177 2
0.103826 0.3515 2

0.107393 0.357 2
0.104 0.35177 2

-0.0463705 0.3515 2
-0.0463395 0.346 2

0.103826 0.3515 2
0.10028 0.346 2

-0.0463395 0.346 2
-0.0463086 0.3405 2

0.0985 0.343214 2
0.096776 0.3405 2

0.10028 0.346 2
0.0985 0.343214 2

-0.0463086 0.3405 2
-0.0462776 0.335 2

0.096776 0.3405 2
0.0933159 0.335 2

-0.0462776 0.335 2
-0.0462467 0.3295 2

0.093 0.334498 2
0.0898725 0.3295 2

0.0933159 0.335 2
0.093 0.334498 2

-0.0462467 0.3295 2
-0.0462157 0.324 2

0.0875 0.325659 2
0.0864782 0.324 2

0.0898725 0.3295 2
0.0875 0.325659 2

-0.0462157 0.324 2
-0.0461848 0.3185 2

0.0864782 0.324 2
0.0831145 0.3185 2

-0.0461848 0.3185 2
-0.0461539 0.313 2

0.082 0.316665 2
0.0797789 0.313 2

0.0831145 0.3185 2
0.082 0.316665 2

-0.0461539 0.313 2
-0.0461229 0.3075 2

0.0797789 0.313 2
0.0765011 0.3075 2

-0.0461229 0.3075 2
-0.046092 0.302 2

0.0765 0.307498 2
0.0732225 0.302 2

0.0765011 0.3075 2
0.0765 0.307498 2

-0.046092 0.302 2
-0.0460611 0.2965 2

0.071 0.298202 2
0.0700023 0.2965 2

0.0732225 0.302 2
0.071 0.298202 2

-0.0460611 0.2965 2
-0.0460302 0.291 2

0.0700023 0.2965 2
0.0668078 0.291 2

-0.0460302 0.291 2
-0.0459993 0.2855 2

0.0655 0.288722 2
0.0636441 0.2855 2

0.0668078 0.291 2
0.0655 0.288722 2

-0.0459993 0.2855 2
-0.0459685 0.28 2

0.0636441 0.2855 2
0.0605337 0.28 2

-0.0459685 0.28 2
-0.0459376 0.2745 2

0.06 0.279052 2
0.0574255 0.2745 2

0.0605337 0.28 2
0.06 0.279052 2

-0.0459376 0.2745 2
-0.0459067 0.269 2

0.0545 0.26919 2
0.0543944 0.269 2

0.0574255 0.2745 2
0.0545 0.26919 2

-0.0459067 0.269 2
-0.0458758 0.2635 2

0.0543944 0.269 2
0.0513452 0.2635 2

-0.0458758 0.2635 2
-0.045845 0.258 2

0.049 0.259149 2
0.0483734 0.258 2

0.0513452 0.2635 2
0.049 0.259149 2

-0.045845 0.258 2
-0.0458141 0.2525 2

0.0483734 0.258 2
0.0454023 0.2525 2

-0.0458141 0.2525 2
-0.0457832 0.247 2

0.0435 0.248889 2
0.0424905 0.247 2

0.0454023 0.2525 2
0.0435 0.248889 2

-0.0457832 0.247 2
-0.0457524 0.2415 2

0.0424905 0.247 2
0.0395957 0.2415 2

-0.0457524 0.2415 2
-0.0457215 0.236 2

0.038 0.238397 2
0.0367456 0.236 2

0.0395957 0.2415 2
0.038 0.238397 2

-0.0457215 0.236 2
-0.0456907 0.2305 2

0.0367456 0.236 2
0.0339247 0.2305 2

-0.0456907 0.2305 2
-0.0456598 0.225 2

0.0325 0.227657 2
0.0311391 0.225 2

0.0339247 0.2305 2
0.0325 0.227657 2

-0.0456598 0.225 2
-0.045629 0.2195 2

0.0311391 0.225 2
0.0283887 0.2195 2

-0.045629 0.2195 2
-0.0455982 0.214 2

0.027 0.216652 2
0.025672 0.214 2

0.0283887 0.2195 2
0.027 0.216652 2

-0.0455982 0.214 2
-0.0455673 0.2085 2

0.025672 0.214 2
0.0229881 0.2085 2

-0.0455673 0.2085 2
-0.0455365 0.203 2

0.0215 0.205358 2
0.0203466 0.203 2

0.0229881 0.2085 2
0.0215 0.205358 2

-0.0455365 0.203 2
-0.0455057 0.1975 2

0.0203466 0.203 2
0.0177237 0.1975 2

-0.0455057 0.1975 2
-0.0454748 0.192 2

0.016 0.193745 2
0.0151672 0.192 2

0.0177237 0.1975 2
0.016 0.193745 2

-0.0454748 0.192 2
-0.045444 0.1865 2

0.0151672 0.192 2
0.012598 0.1865 2

-0.045444 0.1865 2
-0.0454132 0.181 2

0.0105 0.181773 2
0.0101404 0.181 2

0.012598 0.1865 2
0.0105 0.181773 2

-0.0454132 0.181 2
-0.0453824 0.1755 2

0.0101404 0.181 2
0.00761569 0.1755 2

-0.0453824 0.1755 2
-0.0453515 0.17 2

0.00761569 0.1755 2
0.00524681 0.17 2

-0.0453515 0.17 2
-0.0453207 0.1645 2

0.005 0.169421 2
0.00278482 0.1645 2

0.00524681 0.17 2
0.005 0.169421 2

-0.0453207 0.1645 2
-0.0452899 0.159 2

0.00278482 0.1645 2
0.000458706 0.159 2

-0.0452899 0.159 2
-0.0452591 0.1535 2

-0.000500005 0.156655 2
-0.00188074 0.1535 2

0.000458706 0.159 2
-0.000500004 0.156655 2

-0.0452591 0.1535 2
-0.0452283 0.148 2

-0.00188074 0.1535 2
-0.00417897 0.148 2

-0.0452283 0.148 2
-0.0451975 0.1425 2

-0.006 0.143341 2
-0.00635769 0.1425 2

-0.00417897 0.148 2
-0.006 0.143341 2

-0.0451975 0.1425 2
-0.0451666 0.137 2

-0.00635769 0.1425 2
-0.00864844 0.137 2

-0.0451666 0.137 2
-0.0451358 0.1315 2

-0.00864844 0.137 2
-0.0107543 0.1315 2

-0.0451358 0.1315 2
-0.045105 0.126 2

-0.0115 0.129476 2
-0.0129182 0.126 2

-0.0107543 0.1315 2
-0.0115 0.129476 2

-0.045105 0.126 2
-0.0450742 0.1205 2

-0.0129182 0.126 2
-0.0150282 0.1205 2

-0.0450742 0.1205 2
-0.0450434 0.115 2

-0.0150282 0.1205 2
-0.0169452 0.115 2

-0.0450434 0.115 2
-0.0450126 0.1095 2

-0.017 0.11484 2
-0.0190835 0.1095 2

-0.0169452 0.115 2
-0.017 0.11484 2

-0.0450126 0.1095 2
-0.0449818 0.104 2

-0.0190835 0.1095 2
-0.0210222 0.104 2

-0.0449818 0.104 2
-0.044951 0.0985 2

-0.0225 0.0993846 2
-0.0228343 0.0985 2

-0.0210222 0.104 2
-0.0225 0.0993846 2

-0.044951 0.0985001 2
-0.0449202 0.0930001 2

-0.0228343 0.0985001 2
-0.0248464 0.0930001 2

-0.0449202 0.093 2
-0.0448893 0.0875 2

-0.0248464 0.093 2
-0.0266306 0.0875 2

-0.0448893 0.0875 2
-0.0448585 0.082 2

-0.028 0.0827594 2
-0.0282736 0.082 2

-0.0266306 0.0875 2
-0.028 0.0827594 2

-0.0448585 0.0820001 2
-0.0448277 0.0765001 2

-0.0282736 0.0820001 2
-0.0301835 0.0765001 2

-0.0448277 0.0765 2
-0.0447969 0.071 2

-0.0301835 0.0765 2
-0.0318452 0.071 2

-0.0447969 0.071 2
-0.0447661 0.0655 2

-0.0318452 0.071 2
-0.0332678 0.0655 2

-0.0447661 0.0655001 2
-0.0447353 0.0600001 2

-0.0335 0.0645459 2
-0.0350209 0.0600001 2

-0.0332678 0.0655001 2
-0.0335 0.0645459 2

-0.0447353 0.06 2
-0.0447045 0.0545 2

-0.0350209 0.06 2
-0.0366264 0.0545 2

-0.0447045 0.0545 2
-0.0446737 0.049 2

-0.0366264 0.0545 2
-0.037964 0.049 2

-0.0446737 0.0490001 2
-0.0446429 0.0435001 2

-0.039 0.0437603 2
-0.0390849 0.0435001 2

-0.037964 0.0490001 2
-0.039 0.0437603 2

-0.0446429 0.0435 2
-0.0446121 0.038 2

-0.0390849 0.0435 2
-0.0407936 0.038 2

-0.0446121 0.038 2
-0.0445813 0.0325 2

-0.0407936 0.038 2
-0.0421985 0.0325 2

-0.0445813 0.0325001 2
-0.0445505 0.0270001 2

-0.0421985 0.0325001 2
-0.0433056 0.0270001 2

-0.0445505 0.027 2
-0.0445197 0.0215 2

-0.0433056 0.027 2
-0.0441233 0.0215 2

-0.0445197 0.0215 2
-0.0445 0.0179862 2
