# X-nullcline
0.000232893 1.05 1
0.000233406 1.0445 1

0.000233406 1.0445 1
0.000233925 1.039 1

0.000233925 1.039 1
0.000234451 1.0335 1

0.000234451 1.0335 1
0.000234983 1.028 1

0.000234983 1.028 1
0.000235522 1.0225 1

0.000235522 1.0225 1
0.000236068 1.017 1

0.000236068 1.017 1
0.00023662 1.0115 1

0.000236621 1.0115 1
0.00023718 1.006 1

0.000237181 1.006 1
0.000237748 1.0005 1

0.000237748 1.0005 1
0.000238322 0.995 1

0.000238322 0.995 1
0.000238904 0.9895 1

0.000238904 0.9895 1
0.000239494 0.984 1

0.000239494 0.984 1
0.000240092 0.9785 1

0.000240092 0.9785 1
0.000240698 0.973 1

0.000240697 0.973 1
0.000241311 0.9675 1

0.000241311 0.9675 1
0.000241933 0.962 1

0.000241933 0.962 1
0.000242563 0.9565 1

0.000242564 0.9565 1
0.000243203 0.951 1

0.000243203 0.951 1
0.000243851 0.9455 1

0.000243851 0.9455 1
0.000244508 0.94 1

0.000244508 0.94 1
0.000245173 0.9345 1

0.000245174 0.9345 1
0.000245849 0.929 1

0.000245849 0.929 1
0.000246535 0.9235 1

0.000246535 0.9235 1
0.000247229 0.918 1

0.000247229 0.918 1
0.000247934 0.9125 1

0.000247934 0.9125 1
0.00024865 0.907 1

0.00024865 0.907 1
0.000249375 0.9015 1

0.000249375 0.9015 1
0.000250111 0.896 1

0.000250111 0.896 1
0.000250858 0.8905 1

0.000250858 0.8905 1
0.000251617 0.885 1

0.000251617 0.885 1
0.000252386 0.8795 1

0.000252386 0.8795 1
0.000253167 0.874 1

0.000253167 0.874 1
0.00025396 0.8685 1

0.00025396 0.8685 1
0.000254766 0.863 1

0.000254766 0.863 1
0.000255584 0.8575 1

0.000255583 0.8575 1
0.000256414 0.852 1

0.000256414 0.852 1
0.000257257 0.8465 1

0.000257257 0.8465 1
0.000258114 0.841 1

0.000258114 0.841 1
0.000258985 0.8355 1

0.000258985 0.8355 1
0.000259869 0.83 1

0.000259869 0.83 1
0.000260768 0.8245 1

0.000260768 0.8245 1
0.000261681 0.819 1

0.000261681 0.819 1
0.000262609 0.8135 1

0.000262609 0.8135 1
0.000263553 0.808 1

0.000263553 0.808 1
0.000264512 0.8025 1

0.000264512 0.8025 1
0.000265487 0.797 1

0.000265488 0.797 1
0.00026648 0.7915 1

0.00026648 0.7915 1
0.000267489 0.786 1

0.000267489 0.786 1
0.000268515 0.7805 1

0.000268515 0.7805 1
0.00026956 0.775 1

0.000269559 0.775 1
0.000270622 0.7695 1

0.000270622 0.7695 1
0.000271704 0.764 1

0.000271703 0.764 1
0.000272804 0.7585 1

0.000272804 0.7585 1
0.000273924 0.753 1

0.000273924 0.753 1
0.000275064 0.7475 1

0.000275065 0.7475 1
0.000276226 0.742 1

0.000276226 0.742 1
0.000277409 0.7365 1

0.000277409 0.7365 1
0.000278614 0.731 1

0.000278614 0.731 1
0.000279841 0.7255 1

0.000279841 0.7255 1
0.000281091 0.72 1

0.000281092 0.72 1
0.000282366 0.7145 1

0.000282366 0.7145 1
0.000283665 0.709 1

0.000283665 0.709 1
0.00028499 0.7035 1

0.00028499 0.7035 1
0.00028634 0.698 1

0.00028634 0.698 1
0.000287717 0.6925 1

0.000287717 0.6925 1
0.000289122 0.687 1

0.000289122 0.687 1
0.000290555 0.6815 1

0.000290555 0.6815 1
0.000292017 0.676 1

0.000292017 0.676 1
0.00029351 0.6705 1

0.000293509 0.6705 1
0.000295033 0.665 1

0.000295033 0.665 1
0.000296588 0.6595 1

0.000296588 0.6595 1
0.000298176 0.654 1

0.000298176 0.654 1
0.000299799 0.6485 1

0.000299799 0.6485 1
0.000301456 0.643 1

0.000301456 0.643 1
0.00030315 0.6375 1

0.00030315 0.6375 1
0.000304881 0.632 1

0.000304881 0.632 1
0.000306651 0.6265 1

0.00030665 0.6265 1
0.000308459 0.621 1

0.00030846 0.621 1
0.00031031 0.6155 1

0.00031031 0.6155 1
0.000312204 0.61 1

0.000312204 0.61 1
0.000314141 0.6045 1

0.000314141 0.6045 1
0.000316124 0.599 1

0.000316124 0.599 1
0.000318154 0.5935 1

0.000318154 0.5935 1
0.000320233 0.588 1

0.000320233 0.588 1
0.000322362 0.5825 1

0.000322363 0.5825 1
0.000324544 0.577 1

0.000324544 0.577 1
0.000326781 0.5715 1

0.000326781 0.5715 1
0.000329074 0.566 1

0.000329073 0.566 1
0.000331424 0.5605 1

0.000331424 0.5605 1
0.000333836 0.555 1

0.000333836 0.555 1
0.00033631 0.5495 1

0.00033631 0.5495 1
0.00033885 0.544 1

0.00033885 0.544 1
0.000341458 0.5385 1

0.000341458 0.5385 1
0.000344136 0.533 1

0.000344136 0.533 1
0.000346888 0.5275 1

0.000346888 0.5275 1
0.000349716 0.522 1

0.000349716 0.522 1
0.000352624 0.5165 1

0.000352623 0.5165 1
0.000355614 0.511 1

0.000355614 0.511 1
0.000358691 0.5055 1

0.000358691 0.5055 1
0.000361857 0.5 1

0.000361857 0.5 1
0.000365118 0.4945 1

0.000365118 0.4945 1
0.000368476 0.489 1

0.000368476 0.489 1
0.000371937 0.4835 1

0.000371937 0.4835 1
0.000375505 0.478 1

0.000375505 0.478 1
0.000379184 0.4725 1

0.000379185 0.4725 1
0.000382981 0.467 1

0.000382981 0.467 1
0.0003869 0.4615 1

0.0003869 0.4615 1
0.000390947 0.456 1

0.000390947 0.456 1
0.000395129 0.4505 1

0.000395129 0.4505 1
0.000399452 0.445 1

0.000399451 0.445 1
0.000403922 0.4395 1

0.000403922 0.4395 1
0.000408548 0.434 1

0.000408548 0.434 1
0.000413337 0.4285 1

0.000413338 0.4285 1
0.000418299 0.423 1

0.000418299 0.423 1
0.000423441 0.4175 1

0.000423441 0.4175 1
0.000428774 0.412 1

0.000428774 0.412 1
0.000434308 0.4065 1

0.000434308 0.4065 1
0.000440055 0.401 1

0.000440055 0.401 1
0.000446025 0.3955 1

0.000446025 0.3955 1
0.000452233 0.39 1

0.000452233 0.39 1
0.000458691 0.3845 1

0.000458691 0.3845 1
0.000465415 0.379 1

0.000465415 0.379 1
0.000472421 0.3735 1

0.000472421 0.3735 1
0.000479726 0.368 1

0.000479726 0.368 1
0.000487349 0.3625 1

0.000487349 0.3625 1
0.00049531 0.357 1

0.00049531 0.357 1
0.00050363 0.3515 1

0.00050363 0.3515 1
0.000512335 0.346 1

0.000512335 0.346 1
0.00052145 0.3405 1

0.00052145 0.3405 1
0.000531002 0.335 1

0.000531002 0.335 1
0.000541023 0.3295 1

0.000541024 0.3295 1
0.000551547 0.324 1

0.000551547 0.324 1
0.000562611 0.3185 1

0.00056261 0.3185 1
0.000574253 0.313 1

0.000574253 0.313 1
0.00058652 0.3075 1

0.6595 0.307708 1
0.657207 0.3075 1

0.665 0.308167 1
0.6595 0.307708 1

0.6705 0.308588 1
0.665 0.308167 1

0.676 0.30897 1
0.6705 0.308588 1

0.6815 0.309312 1
0.676 0.30897 1

0.687 0.309613 1
0.6815 0.309312 1

0.6925 0.309873 1
0.687 0.309613 1

0.698 0.31009 1
0.6925 0.309873 1

0.7035 0.310263 1
0.698 0.31009 1

0.709 0.310391 1
0.7035 0.310263 1

0.7145 0.310473 1
0.709 0.310391 1

0.72 0.310508 1
0.7145 0.310473 1

0.7255 0.310494 1
0.72 0.310508 1

0.731 0.310429 1
0.7255 0.310494 1

0.7365 0.310313 1
0.731 0.310429 1

0.742 0.310145 1
0.7365 0.310313 1

0.7475 0.309921 1
0.742 0.310145 1

0.753 0.309641 1
0.7475 0.309921 1

0.7585 0.309304 1
0.753 0.309641 1

0.764 0.308907 1
0.7585 0.309304 1

0.7695 0.308449 1
0.764 0.308907 1

0.775 0.307927 1
0.7695 0.308449 1

0.779025 0.3075 1
0.775 0.307927 1

0.00058652 0.3075 1
0.00059946 0.302 1

0.6155 0.302732 1
0.6103 0.302 1

0.621 0.303473 1
0.6155 0.302732 1

0.6265 0.304181 1
0.621 0.303473 1

0.632 0.304855 1
0.6265 0.304181 1

0.6375 0.305496 1
0.632 0.304855 1

0.643 0.306102 1
0.6375 0.305496 1

0.6485 0.306674 1
0.643 0.306102 1

0.654 0.30721 1
0.6485 0.306674 1

0.657207 0.3075 1
0.654 0.30721 1

0.779025 0.3075 1
0.7805 0.307337 1

0.786 0.306669 1
0.7805 0.307337 1

0.7915 0.305929 1
0.786 0.306669 1

0.797 0.305116 1
0.7915 0.305929 1

0.8025 0.304228 1
0.797 0.305116 1

0.808 0.303262 1
0.8025 0.304228 1

0.8135 0.302217 1
0.808 0.303262 1

0.814572 0.302 1
0.8135 0.302217 1

0.00059946 0.302 1
0.000613126 0.2965 1

0.577 0.296661 1
0.576109 0.2965 1

0.5825 0.297621 1
0.577 0.296661 1

0.588 0.29855 1
0.5825 0.297621 1

0.5935 0.299448 1
0.588 0.29855 1

0.599 0.300315 1
0.5935 0.299448 1

0.6045 0.301152 1
0.599 0.300315 1

0.61 0.301958 1
0.6045 0.301152 1

0.6103 0.302 1
0.61 0.301958 1

0.814572 0.302 1
0.819 0.301064 1

0.8245 0.299816 1
0.819 0.301064 1

0.83 0.298479 1
0.8245 0.299816 1

0.8355 0.297049 1
0.83 0.298479 1

0.837499 0.2965 1
0.8355 0.297049 1

0.000613127 0.2965 1
0.00062758 0.291 1

0.5495 0.291441 1
0.547367 0.291 1

0.555 0.292544 1
0.5495 0.291441 1

0.5605 0.293617 1
0.555 0.292544 1

0.566 0.294661 1
0.5605 0.293617 1

0.5715 0.295675 1
0.566 0.294661 1

0.576109 0.2965 1
0.5715 0.295675 1

0.837499 0.2965 1
0.841 0.295492 1

0.8465 0.293816 1
0.841 0.295492 1

0.852 0.292035 1
0.8465 0.293816 1

0.855036 0.291 1
0.852 0.292035 1

0.00062758 0.291 1
0.000642885 0.2855 1

0.522 0.285531 1
0.521869 0.2855 1

0.5275 0.286771 1
0.522 0.285531 1

0.533 0.287981 1
0.5275 0.286771 1

0.5385 0.289162 1
0.533 0.287981 1

0.544 0.290314 1
0.5385 0.289162 1

0.547367 0.291 1
0.544 0.290314 1

0.855036 0.291 1
0.8575 0.290116 1

0.863 0.288047 1
0.8575 0.290116 1

0.8685 0.285859 1
0.863 0.288047 1

0.869367 0.2855 1
0.8685 0.285859 1

0.000642885 0.2855 1
0.000659116 0.28 1

0.5 0.280336 1
0.498657 0.28 1

0.5055 0.28168 1
0.5 0.280336 1

0.511 0.282993 1
0.5055 0.28168 1

0.5165 0.284276 1
0.511 0.282993 1

0.521869 0.2855 1
0.5165 0.284276 1

0.869367 0.2855 1
0.874 0.283477 1

0.8795 0.280951 1
0.874 0.283477 1

0.88149 0.28 1
0.8795 0.280951 1

0.000659116 0.28 1
0.000676356 0.2745 1

0.478 0.274737 1
0.477117 0.2745 1

0.4835 0.276183 1
0.478 0.274737 1

0.489 0.277596 1
0.4835 0.276183 1

0.4945 0.278978 1
0.489 0.277596 1

0.498657 0.28 1
0.4945 0.278978 1

0.88149 0.28 1
0.885 0.278226 1

0.8905 0.275319 1
0.885 0.278226 1

0.891994 0.2745 1
0.8905 0.275319 1

0.000676355 0.2745 1
0.000694693 0.269 1

0.4615 0.270292 1
0.456908 0.269 1

0.467 0.271804 1
0.4615 0.270292 1

0.4725 0.273284 1
0.467 0.271804 1

0.477117 0.2745 1
0.4725 0.273284 1

0.891994 0.2745 1
0.896 0.272174 1

0.901236 0.269 1
0.896 0.272174 1

0.000694693 0.269 1
0.000714231 0.2635 1

0.4395 0.264013 1
0.437785 0.2635 1

0.445 0.265628 1
0.4395 0.264013 1

0.4505 0.267206 1
0.445 0.265628 1

0.456 0.26875 1
0.4505 0.267206 1

0.456908 0.269 1
0.456 0.26875 1

0.901236 0.269 1
0.9015 0.26883 1

0.907 0.265183 1
0.9015 0.26883 1

0.909447 0.2635 1
0.907 0.265183 1

0.000714231 0.2635 1
0.000735084 0.258 1

0.423 0.25907 1
0.419571 0.258 1

0.4285 0.260751 1
0.423 0.25907 1

0.434 0.262393 1
0.4285 0.260751 1

0.437785 0.2635 1
0.434 0.262393 1

0.909447 0.2635 1
0.9125 0.261268 1

0.916821 0.258 1
0.9125 0.261268 1

0.000735084 0.258 1
0.000757382 0.2525 1

0.4065 0.253918 1
0.402134 0.2525 1

0.412 0.255664 1
0.4065 0.253918 1

0.4175 0.25737 1
0.412 0.255664 1

0.419571 0.258 1
0.4175 0.25737 1

0.916821 0.258 1
0.918 0.257051 1

0.923482 0.2525 1
0.918 0.257051 1

0.000757381 0.2525 1
0.000781269 0.247 1

0.39 0.248559 1
0.385381 0.247 1

0.3955 0.250372 1
0.39 0.248559 1

0.401 0.252141 1
0.3955 0.250372 1

0.402134 0.2525 1
0.401 0.252141 1

0.923482 0.2525 1
0.9235 0.252484 1

0.929 0.247489 1
0.9235 0.252484 1

0.929524 0.247 1
0.929 0.247489 1

0.000781268 0.247 1
0.000806911 0.2415 1

0.3735 0.242996 1
0.369231 0.2415 1

0.379 0.244877 1
0.3735 0.242996 1

0.3845 0.246711 1
0.379 0.244877 1

0.385381 0.247 1
0.3845 0.246711 1

0.929524 0.247 1
0.9345 0.242044 1

0.935033 0.2415 1
0.9345 0.242044 1

0.000806911 0.2415 1
0.000834495 0.236 1

0.357 0.237228 1
0.353619 0.236 1

0.3625 0.23918 1
0.357 0.237228 1

0.368 0.241081 1
0.3625 0.23918 1

0.369231 0.2415 1
0.368 0.241081 1

0.935033 0.2415 1
0.94 0.236084 1

0.940075 0.236 1
0.94 0.236084 1

0.000834496 0.236 1
0.000864237 0.2305 1

0.3405 0.231254 1
0.338495 0.2305 1

0.346 0.233283 1
0.3405 0.231254 1

0.3515 0.235254 1
0.346 0.233283 1

0.353619 0.236 1
0.3515 0.235254 1

0.940075 0.236 1
0.944697 0.2305 1

0.000864237 0.2305 1
0.00089638 0.225 1

0.324 0.225069 1
0.323822 0.225 1

0.3295 0.227181 1
0.324 0.225069 1

0.335 0.229228 1
0.3295 0.227181 1

0.338495 0.2305 1
0.335 0.229228 1

0.944697 0.2305 1
0.9455 0.229477 1

0.948948 0.225 1
0.9455 0.229477 1

0.000896381 0.225 1
0.000931209 0.2195 1

0.313 0.220871 1
0.309547 0.2195 1

0.3185 0.223001 1
0.313 0.220871 1

0.323822 0.225 1
0.3185 0.223001 1

0.948948 0.225 1
0.951 0.222142 1

0.952865 0.2195 1
0.951 0.222142 1

0.000931209 0.2195 1
0.000969049 0.214 1

0.2965 0.214345 1
0.295659 0.214 1

0.302 0.216568 1
0.2965 0.214345 1

0.3075 0.218715 1
0.302 0.216568 1

0.309547 0.2195 1
0.3075 0.218715 1

0.952865 0.2195 1
0.956481 0.214 1

0.000969049 0.214 1
0.00101028 0.2085 1

0.2855 0.209918 1
0.282113 0.2085 1

0.291 0.21216 1
0.2855 0.209918 1

0.295659 0.214 1
0.291 0.21216 1

0.956481 0.214 1
0.9565 0.21397 1

0.959818 0.2085 1
0.9565 0.21397 1

0.00101028 0.2085 1
0.00105534 0.203 1

0.269 0.203036 1
0.268916 0.203 1

0.2745 0.205388 1
0.269 0.203036 1

0.28 0.207648 1
0.2745 0.205388 1

0.282113 0.2085 1
0.28 0.207648 1

0.959818 0.2085 1
0.962 0.204631 1

0.962908 0.203 1
0.962 0.204631 1

0.00105534 0.203 1
0.00110476 0.1975 1

0.258 0.198382 1
0.255996 0.1975 1

0.2635 0.200755 1
0.258 0.198382 1

0.268916 0.203 1
0.2635 0.200755 1

0.962908 0.203 1
0.965766 0.1975 1

0.00110476 0.1975 1
0.00115914 0.192 1

0.247 0.193626 1
0.243383 0.192 1

0.2525 0.196022 1
0.247 0.193626 1

0.255996 0.1975 1
0.2525 0.196022 1

0.965766 0.1975 1
0.9675 0.193912 1

0.968414 0.192 1
0.9675 0.193912 1

0.00115914 0.192 1
0.00121921 0.1865 1

0.236 0.188769 1
0.231058 0.1865 1

0.2415 0.191188 1
0.236 0.188769 1

0.243383 0.192 1
0.2415 0.191188 1

0.968414 0.192 1
0.970868 0.1865 1

0.00121921 0.1865 1
0.00128585 0.181 1

0.2195 0.181244 1
0.218981 0.181 1

0.225 0.183812 1
0.2195 0.181244 1

0.2305 0.186254 1
0.225 0.183812 1

0.231058 0.1865 1
0.2305 0.186254 1

0.970868 0.1865 1
0.973 0.181351 1

0.973144 0.181 1
0.973 0.181351 1

0.00128585 0.181 1
0.0013601 0.1755 1

0.2085 0.176154 1
0.207138 0.1755 1

0.214 0.178755 1
0.2085 0.176154 1

0.218981 0.181 1
0.214 0.178755 1

0.973144 0.181 1
0.975253 0.1755 1

0.0013601 0.1755 1
0.00144324 0.17 1

0.1975 0.170963 1
0.195536 0.17 1

0.203 0.173599 1
0.1975 0.170963 1

0.207138 0.1755 1
0.203 0.173599 1

0.975253 0.1755 1
0.977209 0.17 1

0.00144324 0.17 1
0.00153682 0.1645 1

0.1865 0.165669 1
0.184161 0.1645 1

0.192 0.168345 1
0.1865 0.165669 1

0.195536 0.17 1
0.192 0.168345 1

0.977209 0.17 1
0.9785 0.166095 1

0.979024 0.1645 1
0.9785 0.166095 1

0.00153682 0.1645 1
0.00164278 0.159 1

0.1755 0.160272 1
0.173003 0.159 1

0.181 0.162993 1
0.1755 0.160272 1

0.184161 0.1645 1
0.181 0.162993 1

0.979024 0.1645 1
0.980706 0.159 1

0.00164278 0.159 1
0.00176352 0.1535 1

0.1645 0.154771 1
0.162049 0.1535 1

0.17 0.157542 1
0.1645 0.154771 1

0.173003 0.159 1
0.17 0.157542 1

0.980706 0.159 1
0.982266 0.1535 1

0.00176352 0.1535 1
0.0019021 0.148 1

0.1535 0.149166 1
0.15129 0.148 1

0.159 0.151993 1
0.1535 0.149166 1

0.162049 0.1535 1
0.159 0.151993 1

0.982266 0.1535 1
0.983712 0.148 1

0.0019021 0.148 1
0.00206242 0.1425 1

0.1425 0.143454 1
0.14072 0.1425 1

0.148 0.146346 1
0.1425 0.143454 1

0.15129 0.148 1
0.148 0.146346 1

0.983712 0.148 1
0.984 0.146822 1

0.985051 0.1425 1
0.984 0.146822 1

0.00206242 0.1425 1
0.00224958 0.137 1

0.1315 0.137634 1
0.130334 0.137 1

0.137 0.140599 1
0.1315 0.137634 1

0.14072 0.1425 1
0.137 0.140599 1

0.985051 0.1425 1
0.986292 0.137 1

0.00224958 0.137 1
0.00247029 0.1315 1

0.1205 0.131704 1
0.120129 0.1315 1

0.126 0.134754 1
0.1205 0.131704 1

0.130334 0.137 1
0.126 0.134754 1

0.986292 0.137 1
0.987441 0.1315 1

0.00247029 0.1315 1
0.00273364 0.126 1

0.115 0.128809 1
0.110034 0.126 1

0.120129 0.1315 1
0.115 0.128809 1

0.987441 0.1315 1
0.988504 0.126 1

0.00273364 0.126 1
0.00305216 0.1205 1

0.104 0.122766 1
0.100031 0.1205 1

0.1095 0.125713 1
0.104 0.122766 1

0.110034 0.126 1
0.1095 0.125713 1

0.988504 0.126 1
0.989487 0.1205 1

0.00305216 0.1205 1
0.00344361 0.115 1

0.093 0.116631 1
0.090155 0.115 1

0.0985 0.119666 1
0.093 0.116631 1

0.100031 0.1205 1
0.0985 0.119666 1

0.989487 0.1205 1
0.9895 0.120424 1

0.990396 0.115 1
0.9895 0.120424 1

0.00344361 0.115 1
0.00393395 0.1095 1

0.082 0.110414 1
0.0803962 0.1095 1

0.0875 0.113546 1
0.082 0.110414 1

0.090155 0.115 1
0.0875 0.113546 1

0.990396 0.115 1
0.991234 0.1095 1

0.00393395 0.1095 1
0.00456271 0.104 1

0.071 0.104145 1
0.0707401 0.104 1

0.0765 0.107369 1
0.071 0.104145 1

0.0803962 0.1095 1
0.0765 0.107369 1

0.991234 0.1095 1
0.992008 0.104 1

0.00456271 0.104 1
0.005 0.101038 1

0.0054373 0.0985 1
0.005 0.101038 1

0.0655 0.101178 1
0.0608792 0.0985 1

0.0707401 0.104 1
0.0655 0.101178 1

0.992008 0.104 1
0.992722 0.0985 1

0.0054373 0.0985001 1
0.00676036 0.0930001 1

0.0545 0.0950593 1
0.0507778 0.0930001 1

0.06 0.0980083 1
0.0545 0.0950593 1

0.0608792 0.0985001 1
0.06 0.0980083 1

0.992722 0.0985001 1
0.99338 0.0930001 1

0.00676036 0.093 1
0.00883519 0.0875 1

0.0435 0.0892083 1
0.0400778 0.0875 1

0.049 0.092041 1
0.0435 0.0892083 1

0.0507778 0.093 1
0.049 0.092041 1

0.99338 0.093 1
0.993985 0.0875 1

0.00883519 0.0875 1
0.0105 0.0847388 1

0.0137792 0.082 1
0.0105 0.0847388 1

0.0325 0.0840757 1
0.0272227 0.082 1

0.038 0.0864735 1
0.0325 0.0840757 1

0.0400778 0.0875 1
0.038 0.0864735 1

0.993985 0.0875 1
0.994542 0.082 1

0.0137792 0.0820001 1
0.016 0.0809792 1

0.0215 0.0807742 1
0.016 0.0809792 1

0.027 0.0819115 1
0.0215 0.0807742 1

0.0272227 0.0820001 1
0.027 0.0819115 1

0.994542 0.0820001 1
0.995 0.0770688 1

0.995053 0.0765001 1
0.995 0.0770688 1

0.995053 0.0765 1
0.995522 0.071 1

0.995522 0.071 1
0.995952 0.0655 1

0.995952 0.0655001 1
0.996345 0.0600001 1

0.996345 0.06 1
0.996705 0.0545 1

0.996705 0.0545 1
0.997034 0.049 1

0.997034 0.0490001 1
0.997334 0.0435001 1

0.997334 0.0435 1
0.997607 0.038 1

0.997607 0.038 1
0.997856 0.0325 1

0.997856 0.0325001 1
0.998081 0.0270001 1

0.998081 0.027 1
0.998286 0.0215 1

0.998286 0.0215 1
0.998472 0.016 1

0.998472 0.0160001 1
0.998639 0.0105001 1

0.998639 0.0105 1
0.998791 0.005 1

0.998791 0.00500004 1
0.998927 -0.000499964 1

0.998927 -0.000499923 1
0.99905 -0.00599992 1

0.99905 -0.006 1
0.999161 -0.0115 1

0.999161 -0.0115 1
0.99926 -0.017 1

0.99926 -0.0169999 1
0.999348 -0.0224999 1

0.999348 -0.0225 1
0.999427 -0.028 1

0.999427 -0.028 1
0.999498 -0.0335 1

0.999498 -0.0334999 1
0.999561 -0.0389999 1

0.999561 -0.039 1
0.999617 -0.0445 1

0.005 -0.0499725 1
4.65661e-10 -0.05 1

0.00502765 -0.05 1
0.005 -0.0499725 1

-0.0499744 0.588 2
-0.05 0.589492 2

1.0445 0.58922 2
1.03956 0.588 2

1.05 0.59057 2
1.0445 0.58922 2

-0.0499744 0.588 2
-0.0498809 0.5825 2

1.0225 0.583756 2
1.01751 0.5825 2

1.028 0.585132 2
1.0225 0.583756 2

1.0335 0.586501 2
1.028 0.585132 2

1.039 0.587863 2
1.0335 0.586501 2

1.03956 0.588 2
1.039 0.587863 2

-0.0498809 0.5825 2
-0.0497886 0.577 2

1.0005 0.578187 2
0.995872 0.577 2

1.006 0.57959 2
1.0005 0.578187 2

1.0115 0.580985 2
1.006 0.57959 2

1.017 0.582373 2
1.0115 0.580985 2

1.01751 0.5825 2
1.017 0.582373 2

-0.0497886 0.577 2
-0.0496974 0.5715 2

0.9785 0.572509 2
0.974642 0.5715 2

0.984 0.57394 2
0.9785 0.572509 2

0.9895 0.575362 2
0.984 0.57394 2

0.995 0.576777 2
0.9895 0.575362 2

0.995872 0.577 2
0.995 0.576777 2

-0.0496974 0.5715 2
-0.0496075 0.566 2

0.9565 0.56672 2
0.953802 0.566 2

0.962 0.568179 2
0.9565 0.56672 2

0.9675 0.569629 2
0.962 0.568179 2

0.973 0.571072 2
0.9675 0.569629 2

0.974642 0.5715 2
0.973 0.571072 2

-0.0496075 0.566 2
-0.0495187 0.5605 2

0.9345 0.560816 2
0.93334 0.5605 2

0.94 0.562304 2
0.9345 0.560816 2

0.9455 0.563784 2
0.94 0.562304 2

0.951 0.565255 2
0.9455 0.563784 2

0.953802 0.566 2
0.951 0.565255 2

-0.0495187 0.5605 2
-0.0494311 0.555 2

0.918 0.556312 2
0.913246 0.555 2

0.9235 0.557822 2
0.918 0.556312 2

0.929 0.559323 2
0.9235 0.557822 2

0.93334 0.5605 2
0.929 0.559323 2

-0.0494311 0.555 2
-0.0493446 0.5495 2

0.896 0.5502 2
0.893515 0.5495 2

0.9015 0.551741 2
0.896 0.5502 2

0.907 0.553272 2
0.9015 0.551741 2

0.9125 0.554795 2
0.907 0.553272 2

0.913246 0.555 2
0.9125 0.554795 2

-0.0493446 0.5495 2
-0.0492592 0.544 2

0.8795 0.545537 2
0.874125 0.544 2

0.885 0.5471 2
0.8795 0.545537 2

0.8905 0.548654 2
0.885 0.5471 2

0.893515 0.5495 2
0.8905 0.548654 2

-0.0492592 0.544 2
-0.049175 0.5385 2

0.8575 0.539206 2
0.855082 0.5385 2

0.863 0.540802 2
0.8575 0.539206 2

0.8685 0.542388 2
0.863 0.540802 2

0.874 0.543965 2
0.8685 0.542388 2

0.874125 0.544 2
0.874 0.543965 2

-0.049175 0.5385 2
-0.0490919 0.533 2

0.841 0.534375 2
0.836361 0.533 2

0.8465 0.535994 2
0.841 0.534375 2

0.852 0.537604 2
0.8465 0.535994 2

0.855082 0.5385 2
0.852 0.537604 2

-0.0490919 0.533 2
-0.0490098 0.5275 2

0.819 0.527814 2
0.817964 0.5275 2

0.8245 0.529468 2
0.819 0.527814 2

0.83 0.531112 2
0.8245 0.529468 2

0.8355 0.532746 2
0.83 0.531112 2

0.836361 0.533 2
0.8355 0.532746 2

-0.0490098 0.5275 2
-0.0489289 0.522 2

0.8025 0.522805 2
0.799881 0.522 2

0.808 0.524485 2
0.8025 0.522805 2

0.8135 0.526154 2
0.808 0.524485 2

0.817964 0.5275 2
0.8135 0.526154 2

-0.0489289 0.522 2
-0.048849 0.5165 2

0.786 0.517718 2
0.782098 0.5165 2

0.7915 0.519424 2
0.786 0.517718 2

0.797 0.521118 2
0.7915 0.519424 2

0.799881 0.522 2
0.797 0.521118 2

-0.048849 0.5165 2
-0.0487702 0.511 2

0.7695 0.51255 2
0.764611 0.511 2

0.775 0.514283 2
0.7695 0.51255 2

0.7805 0.516003 2
0.775 0.514283 2

0.782098 0.5165 2
0.7805 0.516003 2

-0.0487702 0.511 2
-0.0486924 0.5055 2

0.7475 0.505528 2
0.747414 0.5055 2

0.753 0.5073 2
0.7475 0.505528 2

0.7585 0.509059 2
0.753 0.5073 2

0.764 0.510807 2
0.7585 0.509059 2

0.764611 0.511 2
0.764 0.510807 2

-0.0486924 0.5055 2
-0.0486157 0.5 2

0.731 0.500164 2
0.730502 0.5 2

0.7365 0.501965 2
0.731 0.500164 2

0.742 0.503752 2
0.7365 0.501965 2

0.747414 0.5055 2
0.742 0.503752 2

-0.0486157 0.5 2
-0.04854 0.4945 2

0.7145 0.494713 2
0.713863 0.4945 2

0.72 0.496543 2
0.7145 0.494713 2

0.7255 0.49836 2
0.72 0.496543 2

0.730502 0.5 2
0.7255 0.49836 2

-0.04854 0.4945 2
-0.0484653 0.489 2

0.698 0.489173 2
0.697494 0.489 2

0.7035 0.491033 2
0.698 0.489173 2

0.709 0.492879 2
0.7035 0.491033 2

0.713863 0.4945 2
0.709 0.492879 2

-0.0484653 0.489 2
-0.0483916 0.4835 2

0.6815 0.48354 2
0.681385 0.4835 2

0.687 0.485431 2
0.6815 0.48354 2

0.6925 0.487308 2
0.687 0.485431 2

0.697494 0.489 2
0.6925 0.487308 2

-0.0483916 0.4835 2
-0.0483188 0.478 2

0.6705 0.479736 2
0.665536 0.478 2

0.676 0.481645 2
0.6705 0.479736 2

0.681385 0.4835 2
0.676 0.481645 2

-0.0483188 0.478 2
-0.0482471 0.4725 2

0.654 0.473945 2
0.649939 0.4725 2

0.6595 0.475887 2
0.654 0.473945 2

0.665 0.477814 2
0.6595 0.475887 2

0.665536 0.478 2
0.665 0.477814 2

-0.0482471 0.4725 2
-0.0481763 0.467 2

0.6375 0.468055 2
0.634586 0.467 2

0.643 0.470031 2
0.6375 0.468055 2

0.6485 0.471991 2
0.643 0.470031 2

0.649939 0.4725 2
0.6485 0.471991 2

-0.0481763 0.467 2
-0.0481065 0.4615 2

0.621 0.462063 2
0.619471 0.4615 2

0.6265 0.464075 2
0.621 0.462063 2

0.632 0.466069 2
0.6265 0.464075 2

0.634586 0.467 2
0.632 0.466069 2

-0.0481065 0.4615 2
-0.0480376 0.456 2

0.61 0.458015 2
0.60459 0.456 2

0.6155 0.460045 2
0.61 0.458015 2

0.619471 0.4615 2
0.6155 0.460045 2

-0.0480376 0.456 2
-0.0479696 0.4505 2

0.5935 0.451848 2
0.589945 0.4505 2

0.599 0.453916 2
0.5935 0.451848 2

0.6045 0.455967 2
0.599 0.453916 2

0.60459 0.456 2
0.6045 0.455967 2

-0.0479696 0.4505 2
-0.0479025 0.445 2

0.577 0.445571 2
0.575522 0.445 2

0.5825 0.447678 2
0.577 0.445571 2

0.588 0.449767 2
0.5825 0.447678 2

0.589945 0.4505 2
0.588 0.449767 2

-0.0479025 0.445 2
-0.0478363 0.4395 2

0.566 0.441328 2
0.561319 0.4395 2

0.5715 0.443457 2
0.566 0.441328 2

0.575522 0.445 2
0.5715 0.443457 2

-0.0478363 0.4395 2
-0.047771 0.434 2

0.5495 0.434861 2
0.547336 0.434 2

0.555 0.437032 2
0.5495 0.434861 2

0.5605 0.439182 2
0.555 0.437032 2

0.561319 0.4395 2
0.5605 0.439182 2

-0.047771 0.434 2
-0.0477066 0.4285 2

0.5385 0.430488 2
0.533561 0.4285 2

0.544 0.432681 2
0.5385 0.430488 2

0.547336 0.434 2
0.544 0.432681 2

-0.0477066 0.4285 2
-0.047643 0.423 2

0.522 0.423821 2
0.52 0.423 2

0.5275 0.426059 2
0.522 0.423821 2

0.533 0.428276 2
0.5275 0.426059 2

0.533561 0.4285 2
0.533 0.428276 2

-0.047643 0.423 2
-0.0475803 0.4175 2

0.511 0.419311 2
0.50664 0.4175 2

0.5165 0.421573 2
0.511 0.419311 2

0.52 0.423 2
0.5165 0.421573 2

-0.0475803 0.4175 2
-0.0475184 0.412 2

0.4945 0.412431 2
0.493483 0.412 2

0.5 0.414742 2
0.4945 0.412431 2

0.5055 0.41703 2
0.5 0.414742 2

0.50664 0.4175 2
0.5055 0.41703 2

-0.0475184 0.412 2
-0.0474573 0.4065 2

0.4835 0.407777 2
0.480524 0.4065 2

0.489 0.410114 2
0.4835 0.407777 2

0.493483 0.412 2
0.489 0.410114 2

-0.0474573 0.4065 2
-0.0473971 0.401 2

0.4725 0.403061 2
0.467756 0.401 2

0.478 0.405425 2
0.4725 0.403061 2

0.480524 0.4065 2
0.478 0.405425 2

-0.0473971 0.401 2
-0.0473376 0.3955 2

0.456 0.395863 2
0.455181 0.3955 2

0.4615 0.398282 2
0.456 0.395863 2

0.467 0.400674 2
0.4615 0.398282 2

0.467756 0.401 2
0.467 0.400674 2

-0.0473376 0.3955 2
-0.0472789 0.39 2

0.445 0.390991 2
0.442795 0.39 2

0.4505 0.393439 2
0.445 0.390991 2

0.455181 0.3955 2
0.4505 0.393439 2

-0.0472789 0.39 2
-0.047221 0.3845 2

0.434 0.386052 2
0.430592 0.3845 2

0.4395 0.38853 2
0.434 0.386052 2

0.442795 0.39 2
0.4395 0.38853 2

-0.047221 0.3845 2
-0.0471639 0.379 2

0.423 0.381045 2
0.41857 0.379 2

0.4285 0.383555 2
0.423 0.381045 2

0.430592 0.3845 2
0.4285 0.383555 2

-0.0471639 0.379 2
-0.0471075 0.3735 2

0.412 0.375968 2
0.406726 0.3735 2

0.4175 0.37851 2
0.412 0.375968 2

0.41857 0.379 2
0.4175 0.37851 2

-0.0471075 0.3735 2
-0.0470518 0.368 2

0.3955 0.36821 2
0.39506 0.368 2

0.401 0.37082 2
0.3955 0.36821 2

0.4065 0.373395 2
0.401 0.37082 2

0.406726 0.3735 2
0.4065 0.373395 2

-0.0470518 0.368 2
-0.0469969 0.3625 2

0.3845 0.362952 2
0.383568 0.3625 2

0.39 0.365598 2
0.3845 0.362952 2

0.39506 0.368 2
0.39 0.365598 2

-0.0469969 0.3625 2
-0.0469427 0.357 2

0.3735 0.357617 2
0.372247 0.357 2

0.379 0.3603 2
0.3735 0.357617 2

0.383568 0.3625 2
0.379 0.3603 2

-0.0469427 0.357 2
-0.0468891 0.3515 2

0.3625 0.352203 2
0.361094 0.3515 2

0.368 0.354925 2
0.3625 0.352203 2

0.372247 0.357 2
0.368 0.354925 2

-0.0468891 0.3515 2
-0.0468363 0.346 2

0.3515 0.346707 2
0.350107 0.346 2

0.357 0.34947 2
0.3515 0.346707 2

0.361094 0.3515 2
0.357 0.34947 2

-0.0468363 0.346 2
-0.0467841 0.3405 2

0.3405 0.341127 2
0.339283 0.3405 2

0.346 0.343933 2
0.3405 0.341127 2

0.350107 0.346 2
0.346 0.343933 2

-0.0467841 0.3405 2
-0.0467326 0.335 2

0.3295 0.33546 2
0.328622 0.335 2

0.335 0.338311 2
0.3295 0.33546 2

0.339283 0.3405 2
0.335 0.338311 2

-0.0467326 0.335 2
-0.0466817 0.3295 2

0.3185 0.329702 2
0.31812 0.3295 2

0.324 0.332601 2
0.3185 0.329702 2

0.328622 0.335 2
0.324 0.332601 2

-0.0466817 0.3295 2
-0.0466315 0.324 2

0.313 0.326799 2
0.307776 0.324 2

0.31812 0.3295 2
0.313 0.326799 2

-0.0466315 0.324 2
-0.0465819 0.3185 2

0.302 0.320903 2
0.297589 0.3185 2

0.3075 0.323853 2
0.302 0.320903 2

0.307776 0.324 2
0.3075 0.323853 2

-0.0465819 0.3185 2
-0.0465329 0.313 2

0.291 0.314909 2
0.287556 0.313 2

0.2965 0.317912 2
0.291 0.314909 2

0.297589 0.3185 2
0.2965 0.317912 2

-0.0465329 0.313 2
-0.0464845 0.3075 2

0.28 0.308811 2
0.277674 0.3075 2

0.2855 0.311871 2
0.28 0.308811 2

0.287556 0.313 2
0.2855 0.311871 2

-0.0464845 0.3075 2
-0.0464366 0.302 2

0.269 0.302606 2
0.267944 0.302 2

0.2745 0.305727 2
0.269 0.302606 2

0.277674 0.3075 2
0.2745 0.305727 2

-0.0464366 0.302 2
-0.0463894 0.2965 2

0.2635 0.299473 2
0.258362 0.2965 2

0.267944 0.302 2
0.2635 0.299473 2

-0.0463894 0.2965 2
-0.0463427 0.291 2

0.2525 0.293105 2
0.248928 0.291 2

0.258 0.296293 2
0.2525 0.293105 2

0.258362 0.2965 2
0.258 0.296293 2

-0.0463427 0.291 2
-0.0462966 0.2855 2

0.2415 0.286617 2
0.23964 0.2855 2

0.247 0.289874 2
0.2415 0.286617 2

0.248928 0.291 2
0.247 0.289874 2

-0.0462966 0.2855 2
-0.046251 0.28 2

0.2305 0.280002 2
0.230498 0.28 2

0.236 0.283334 2
0.2305 0.280002 2

0.23964 0.2855 2
0.236 0.283334 2

-0.046251 0.28 2
-0.046206 0.2745 2

0.225 0.276665 2
0.221497 0.2745 2

0.230498 0.28 2
0.225 0.276665 2

-0.046206 0.2745 2
-0.0461614 0.269 2

0.214 0.269858 2
0.212639 0.269 2

0.2195 0.273278 2
0.214 0.269858 2

0.221497 0.2745 2
0.2195 0.273278 2

-0.0461614 0.269 2
-0.0461174 0.2635 2

0.2085 0.266414 2
0.203924 0.2635 2

0.212639 0.269 2
0.2085 0.266414 2

-0.0461174 0.2635 2
-0.0460738 0.258 2

0.1975 0.259401 2
0.195346 0.258 2

0.203 0.262917 2
0.1975 0.259401 2

0.203924 0.2635 2
0.203 0.262917 2

-0.0460738 0.258 2
-0.0460308 0.2525 2

0.192 0.255844 2
0.18691 0.2525 2

0.195346 0.258 2
0.192 0.255844 2

-0.0460308 0.2525 2
-0.0459882 0.247 2

0.181 0.248607 2
0.178608 0.247 2

0.1865 0.252233 2
0.181 0.248607 2

0.18691 0.2525 2
0.1865 0.252233 2

-0.0459882 0.247 2
-0.0459461 0.2415 2

0.1755 0.244931 2
0.170448 0.2415 2

0.178608 0.247 2
0.1755 0.244931 2

-0.0459461 0.2415 2
-0.0459044 0.236 2

0.1645 0.237446 2
0.162419 0.236 2

0.17 0.241198 2
0.1645 0.237446 2

0.170448 0.2415 2
0.17 0.241198 2

-0.0459044 0.236 2
-0.0458631 0.2305 2

0.159 0.233644 2
0.15453 0.2305 2

0.162419 0.236 2
0.159 0.233644 2

-0.0458631 0.2305 2
-0.0458223 0.225 2

0.148 0.225884 2
0.146773 0.225 2

0.1535 0.229782 2
0.148 0.225884 2

0.15453 0.2305 2
0.1535 0.229782 2

-0.0458223 0.225 2
-0.0457819 0.2195 2

0.1425 0.221946 2
0.139149 0.2195 2

0.146773 0.225 2
0.1425 0.221946 2

-0.0457819 0.2195 2
-0.0457419 0.214 2

0.137 0.217944 2
0.131667 0.214 2

0.139149 0.2195 2
0.137 0.217944 2

-0.0457419 0.214 2
-0.0457023 0.2085 2

0.126 0.209786 2
0.124305 0.2085 2

0.1315 0.213878 2
0.126 0.209786 2

0.131667 0.214 2
0.1315 0.213878 2

-0.0457023 0.2085 2
-0.0456631 0.203 2

0.1205 0.205632 2
0.117082 0.203 2

0.124305 0.2085 2
0.1205 0.205632 2

-0.0456631 0.203 2
-0.0456242 0.1975 2

0.115 0.201409 2
0.109997 0.1975 2

0.117082 0.203 2
0.115 0.201409 2

-0.0456242 0.1975 2
-0.0455857 0.192 2

0.104 0.192775 2
0.103036 0.192 2

0.1095 0.197114 2
0.104 0.192775 2

0.109997 0.1975 2
0.1095 0.197114 2

-0.0455857 0.192 2
-0.0455476 0.1865 2

0.0985 0.188374 2
0.0962046 0.1865 2

0.103036 0.192 2
0.0985 0.188374 2

-0.0455476 0.1865 2
-0.0455098 0.181 2

0.093 0.183897 2
0.0895101 0.181 2

0.0962046 0.1865 2
0.093 0.183897 2

-0.0455098 0.181 2
-0.0454723 0.1755 2

0.0875 0.17934 2
0.0829517 0.1755 2

0.0895101 0.181 2
0.0875 0.17934 2

-0.0454723 0.1755 2
-0.0454351 0.17 2

0.082 0.1747 2
0.076529 0.17 2

0.0829517 0.1755 2
0.082 0.1747 2

-0.0454351 0.17 2
-0.0453983 0.1645 2

0.071 0.165191 2
0.0702221 0.1645 2

0.0765 0.169975 2
0.071 0.165191 2

0.076529 0.17 2
0.0765 0.169975 2

-0.0453983 0.1645 2
-0.0453618 0.159 2

0.0655 0.160313 2
0.0640494 0.159 2

0.0702221 0.1645 2
0.0655 0.160313 2

-0.0453618 0.159 2
-0.0453255 0.1535 2

0.06 0.155336 2
0.0580113 0.1535 2

0.0640494 0.159 2
0.06 0.155336 2

-0.0453255 0.1535 2
-0.0452895 0.148 2

0.0545 0.150255 2
0.0521076 0.148 2

0.0580113 0.1535 2
0.0545 0.150255 2

-0.0452895 0.148 2
-0.0452539 0.1425 2

0.049 0.145064 2
0.0463382 0.1425 2

0.0521076 0.148 2
0.049 0.145064 2

-0.0452539 0.1425 2
-0.0452184 0.137 2

0.0435 0.139756 2
0.0407032 0.137 2

0.0463382 0.1425 2
0.0435 0.139756 2

-0.0452184 0.137 2
-0.0451832 0.1315 2

0.038 0.134322 2
0.0352031 0.1315 2

0.0407032 0.137 2
0.038 0.134322 2

-0.0451832 0.1315 2
-0.0451483 0.126 2

0.0325 0.128752 2
0.029839 0.126 2

0.0352031 0.1315 2
0.0325 0.128752 2

-0.0451483 0.126 2
-0.0451136 0.1205 2

0.027 0.123034 2
0.0246122 0.1205 2

0.029839 0.126 2
0.027 0.123034 2

-0.0451136 0.1205 2
-0.0450791 0.115 2

0.0215 0.117152 2
0.0195255 0.115 2

0.0246122 0.1205 2
0.0215 0.117152 2

-0.0450791 0.115 2
-0.0450449 0.1095 2

0.016 0.111089 2
0.0145829 0.1095 2

0.0195255 0.115 2
0.016 0.111089 2

-0.0450449 0.1095 2
-0.0450108 0.104 2

0.0105 0.10482 2
0.00979035 0.104 2

0.0145829 0.1095 2
0.0105 0.10482 2

-0.0450108 0.104 2
-0.044977 0.0985 2

0.00979035 0.104 2
0.00514576 0.0985 2

-0.044977 0.0985001 2
-0.0449434 0.0930001 2

0.005 0.0983249 2
0.000600609 0.0930001 2

0.00514576 0.0985001 2
0.005 0.0983249 2

-0.0449434 0.093 2
-0.0449099 0.0875 2

-0.000500005 0.0916235 2
-0.00379002 0.0875 2

0.000600609 0.093 2
-0.000500004 0.0916235 2

-0.0449099 0.0875 2
-0.0448766 0.082 2

-0.006 0.0846131 2
-0.00801046 0.082 2

-0.00379002 0.0875 2
-0.006 0.0846131 2

-0.0448766 0.0820001 2
-0.0448435 0.0765001 2

-0.0115 0.0772224 2
-0.0120354 0.0765001 2

-0.00801046 0.0820001 2
-0.0115 0.0772224 2

-0.0448435 0.0765 2
-0.0448106 0.071 2

-0.0120354 0.0765 2
-0.0159653 0.071 2

-0.0448106 0.071 2
-0.0447778 0.0655 2

-0.017 0.0694724 2
-0.0197533 0.0655 2

-0.0159653 0.071 2
-0.017 0.0694724 2

-0.0447778 0.0655001 2
-0.0447451 0.0600001 2

-0.0225 0.0611869 2
-0.0232882 0.0600001 2

-0.0197533 0.0655001 2
-0.0225 0.0611869 2

-0.0447451 0.06 2
-0.0447126 0.0545 2

-0.0232882 0.06 2
-0.0267311 0.0545 2

-0.0447126 0.0545 2
-0.0446803 0.049 2

-0.028 0.0522826 2
-0.0300064 0.049 2

-0.0267311 0.0545 2
-0.028 0.0522826 2

-0.0446803 0.0490001 2
-0.044648 0.0435001 2

-0.0300064 0.0490001 2
-0.0329814 0.0435001 2

-0.044648 0.0435 2
-0.0446159 0.038 2

-0.0335 0.0424585 2
-0.0359777 0.038 2

-0.0329814 0.0435 2
-0.0335 0.0424585 2

-0.0446159 0.038 2
-0.0445839 0.0325 2

-0.0359777 0.038 2
-0.0385255 0.0325 2

-0.0445839 0.0325001 2
-0.044552 0.0270001 2

-0.039 0.0313436 2
-0.0411797 0.0270001 2

-0.0385255 0.0325001 2
-0.039 0.0313436 2

-0.044552 0.027 2
-0.0445203 0.0215 2

-0.0411797 0.027 2
-0.0434036 0.0215 2

-0.0445203 0.0215 2
-0.0445 0.0179862 2
