# X-nullcline
7.2789e-05 1.05 1
7.31102e-05 1.0445 1

7.31104e-05 1.0445 1
7.34362e-05 1.039 1

7.34364e-05 1.039 1
7.37673e-05 1.0335 1

7.37673e-05 1.0335 1
7.4103e-05 1.028 1

7.41031e-05 1.028 1
7.44439e-05 1.0225 1

7.44439e-05 1.0225 1
7.47899e-05 1.017 1

7.47899e-05 1.017 1
7.5141e-05 1.0115 1

7.51411e-05 1.0115 1
7.54972e-05 1.006 1

7.54977e-05 1.006 1
7.58595e-05 1.0005 1

7.58596e-05 1.0005 1
7.62269e-05 0.995 1

7.62272e-05 0.995 1
7.66008e-05 0.9895 1

7.66006e-05 0.9895 1
7.69799e-05 0.984 1

7.69798e-05 0.984 1
7.7365e-05 0.9785 1

7.7365e-05 0.9785 1
7.77566e-05 0.973 1

7.77563e-05 0.973 1
7.81538e-05 0.9675 1

0.852 0.967589 1
0.850948 0.9675 1

0.8575 0.967842 1
0.852 0.967589 1

0.863 0.967881 1
0.8575 0.967842 1

0.8685 0.96769 1
0.863 0.967881 1

0.87095 0.9675 1
0.8685 0.96769 1

7.81539e-05 0.9675 1
7.8558e-05 0.962 1

0.819 0.962164 1
0.818392 0.962 1

0.8245 0.963472 1
0.819 0.962164 1

0.83 0.964633 1
0.8245 0.963472 1

0.8355 0.965636 1
0.83 0.964633 1

0.841 0.966471 1
0.8355 0.965636 1

0.8465 0.967127 1
0.841 0.966471 1

0.850948 0.9675 1
0.8465 0.967127 1

0.87095 0.9675 1
0.874 0.967249 1

0.8795 0.966535 1
0.874 0.967249 1

0.885 0.965534 1
0.8795 0.966535 1

0.8905 0.964226 1
0.885 0.965534 1

0.896 0.962591 1
0.8905 0.964226 1

0.897676 0.962 1
0.896 0.962591 1

7.85579e-05 0.962 1
7.89687e-05 0.9565 1

0.8025 0.957356 1
0.799986 0.9565 1

0.808 0.959086 1
0.8025 0.957356 1

0.8135 0.960692 1
0.808 0.959086 1

0.818392 0.962 1
0.8135 0.960692 1

0.897676 0.962 1
0.9015 0.960567 1

0.907 0.958141 1
0.9015 0.960567 1

0.910228 0.9565 1
0.907 0.958141 1

7.89685e-05 0.9565 1
7.93855e-05 0.951 1

0.786 0.951409 1
0.784994 0.951 1

0.7915 0.953502 1
0.786 0.951409 1

0.797 0.955492 1
0.7915 0.953502 1

0.799986 0.9565 1
0.797 0.955492 1

0.910228 0.9565 1
0.9125 0.955269 1

0.918 0.951896 1
0.9125 0.955269 1

0.919313 0.951 1
0.918 0.951896 1

7.93857e-05 0.951 1
7.98097e-05 0.9455 1

0.775 0.946869 1
0.771907 0.9455 1

0.7805 0.949189 1
0.775 0.946869 1

0.784994 0.951 1
0.7805 0.949189 1

0.919313 0.951 1
0.9235 0.947949 1

0.926537 0.9455 1
0.9235 0.947949 1

7.98099e-05 0.9455 1
8.02409e-05 0.94 1

0.764 0.941917 1
0.759982 0.94 1

0.7695 0.944445 1
0.764 0.941917 1

0.771907 0.9455 1
0.7695 0.944445 1

0.926537 0.9455 1
0.929 0.943376 1

0.93259 0.94 1
0.929 0.943376 1

8.02412e-05 0.94 1
8.06795e-05 0.9345 1

0.753 0.93658 1
0.748925 0.9345 1

0.7585 0.9393 1
0.753 0.93658 1

0.759982 0.94 1
0.7585 0.9393 1

0.93259 0.94 1
0.9345 0.938077 1

0.937796 0.9345 1
0.9345 0.938077 1

8.06796e-05 0.9345 1
8.11252e-05 0.929 1

0.742 0.930883 1
0.73853 0.929 1

0.7475 0.933779 1
0.742 0.930883 1

0.748925 0.9345 1
0.7475 0.933779 1

0.937796 0.9345 1
0.94 0.931937 1

0.942366 0.929 1
0.94 0.931937 1

8.11254e-05 0.929 1
8.15787e-05 0.9235 1

0.731 0.924849 1
0.728649 0.9235 1

0.7365 0.927909 1
0.731 0.924849 1

0.73853 0.929 1
0.7365 0.927909 1

0.942366 0.929 1
0.9455 0.924824 1

0.946438 0.9235 1
0.9455 0.924824 1

8.15789e-05 0.9235 1
8.20397e-05 0.918 1

0.72 0.918499 1
0.719173 0.918 1

0.7255 0.92171 1
0.72 0.918499 1

0.728649 0.9235 1
0.7255 0.92171 1

0.946438 0.9235 1
0.95009 0.918 1

8.204e-05 0.918 1
8.25091e-05 0.9125 1

0.7145 0.915204 1
0.71008 0.9125 1

0.719173 0.918 1
0.7145 0.915204 1

0.95009 0.918 1
0.951 0.916537 1

0.953392 0.9125 1
0.951 0.916537 1

8.25092e-05 0.9125 1
8.29864e-05 0.907 1

0.7035 0.908409 1
0.701302 0.907 1

0.709 0.911845 1
0.7035 0.908409 1

0.71008 0.9125 1
0.709 0.911845 1

0.953392 0.9125 1
0.956422 0.907 1

8.29865e-05 0.907 1
8.34726e-05 0.9015 1

0.698 0.904904 1
0.692751 0.9015 1

0.701302 0.907 1
0.698 0.904904 1

0.956422 0.907 1
0.9565 0.906851 1

0.959174 0.9015 1
0.9565 0.906851 1

8.34722e-05 0.9015 1
8.39662e-05 0.896 1

0.687 0.897698 1
0.68449 0.896 1

0.6925 0.901339 1
0.687 0.897698 1

0.692751 0.9015 1
0.6925 0.901339 1

0.959174 0.9015 1
0.961729 0.896 1

8.39665e-05 0.896 1
8.44696e-05 0.8905 1

0.6815 0.893997 1
0.676388 0.8905 1

0.68449 0.896 1
0.6815 0.893997 1

0.961729 0.896 1
0.962 0.895383 1

0.964071 0.8905 1
0.962 0.895383 1

8.44695e-05 0.8905 1
8.49818e-05 0.885 1

0.6705 0.886409 1
0.668517 0.885 1

0.676 0.890237 1
0.6705 0.886409 1

0.676388 0.8905 1
0.676 0.890237 1

0.964071 0.8905 1
0.966253 0.885 1

8.49816e-05 0.885 1
8.55029e-05 0.8795 1

0.665 0.882524 1
0.66079 0.8795 1

0.668517 0.885 1
0.665 0.882524 1

0.966253 0.885 1
0.9675 0.881652 1

0.968279 0.8795 1
0.9675 0.881652 1

8.5503e-05 0.8795 1
8.60342e-05 0.874 1

0.654 0.874582 1
0.653218 0.874 1

0.6595 0.878582 1
0.654 0.874582 1

0.66079 0.8795 1
0.6595 0.878582 1

0.968279 0.8795 1
0.970159 0.874 1

8.60338e-05 0.874 1
8.65743e-05 0.8685 1

0.6485 0.870523 1
0.645808 0.8685 1

0.653218 0.874 1
0.6485 0.870523 1

0.970159 0.874 1
0.971921 0.8685 1

8.65745e-05 0.8685 1
8.71252e-05 0.863 1

0.643 0.86641 1
0.638504 0.863 1

0.645808 0.8685 1
0.643 0.86641 1

0.971921 0.8685 1
0.973 0.864926 1

0.973568 0.863 1
0.973 0.864926 1

8.71252e-05 0.863 1
8.76859e-05 0.8575 1

0.632 0.858026 1
0.631328 0.8575 1

0.6375 0.862245 1
0.632 0.858026 1

0.638504 0.863 1
0.6375 0.862245 1

0.973568 0.863 1
0.975102 0.8575 1

8.76862e-05 0.8575 1
8.82577e-05 0.852 1

0.6265 0.853754 1
0.624281 0.852 1

0.631328 0.8575 1
0.6265 0.853754 1

0.975102 0.8575 1
0.976545 0.852 1

8.82577e-05 0.852 1
8.88403e-05 0.8465 1

0.621 0.849431 1
0.617325 0.8465 1

0.624281 0.852 1
0.621 0.849431 1

0.976545 0.852 1
0.977902 0.8465 1

8.884e-05 0.8465 1
8.94335e-05 0.841 1

0.6155 0.845058 1
0.610456 0.841 1

0.617325 0.8465 1
0.6155 0.845058 1

0.977902 0.8465 1
0.9785 0.843939 1

0.979174 0.841 1
0.9785 0.843939 1

8.94336e-05 0.841 1
9.00384e-05 0.8355 1

0.6045 0.836165 1
0.603697 0.8355 1

0.61 0.840636 1
0.6045 0.836165 1

0.610456 0.841 1
0.61 0.840636 1

0.979174 0.841 1
0.980367 0.8355 1

9.00386e-05 0.8355 1
9.06559e-05 0.83 1

0.599 0.831646 1
0.597028 0.83 1

0.603697 0.8355 1
0.599 0.831646 1

0.980367 0.8355 1
0.981491 0.83 1

9.06554e-05 0.83 1
9.1284e-05 0.8245 1

0.5935 0.82708 1
0.590435 0.8245 1

0.597028 0.83 1
0.5935 0.82708 1

0.981491 0.83 1
0.982552 0.8245 1

9.12843e-05 0.8245 1
9.19257e-05 0.819 1

0.588 0.822468 1
0.583915 0.819 1

0.590435 0.8245 1
0.588 0.822468 1

0.982552 0.8245 1
0.983553 0.819 1

9.19258e-05 0.819 1
9.258e-05 0.8135 1

0.5825 0.81781 1
0.577464 0.8135 1

0.583915 0.819 1
0.5825 0.81781 1

0.983553 0.819 1
0.984 0.816405 1

0.984494 0.8135 1
0.984 0.816405 1

9.25801e-05 0.8135 1
9.32473e-05 0.808 1

0.5715 0.808359 1
0.571091 0.808 1

0.577 0.813106 1
0.5715 0.808359 1

0.577464 0.8135 1
0.577 0.813106 1

0.984494 0.8135 1
0.98538 0.808 1

9.32475e-05 0.808 1
9.39285e-05 0.8025 1

0.566 0.803568 1
0.564792 0.8025 1

0.571091 0.808 1
0.566 0.803568 1

0.98538 0.808 1
0.986217 0.8025 1

9.39285e-05 0.8025 1
9.46238e-05 0.797 1

0.5605 0.798734 1
0.558554 0.797 1

0.564792 0.8025 1
0.5605 0.798734 1

0.986217 0.8025 1
0.987007 0.797 1

9.46237e-05 0.797 1
9.5333e-05 0.7915 1

0.555 0.793857 1
0.552375 0.7915 1

0.558554 0.797 1
0.555 0.793857 1

0.987007 0.797 1
0.987754 0.7915 1

9.5333e-05 0.7915 1
9.60575e-05 0.786 1

0.5495 0.788938 1
0.546253 0.786 1

0.552375 0.7915 1
0.5495 0.788938 1

0.987754 0.7915 1
0.98846 0.786 1

9.60574e-05 0.786 1
9.6797e-05 0.7805 1

0.544 0.783977 1
0.540186 0.7805 1

0.546253 0.786 1
0.544 0.783977 1

0.98846 0.786 1
0.989127 0.7805 1

9.6797e-05 0.7805 1
9.75523e-05 0.775 1

0.5385 0.778975 1
0.534172 0.775 1

0.540186 0.7805 1
0.5385 0.778975 1

0.989127 0.7805 1
0.9895 0.777258 1

0.989757 0.775 1
0.9895 0.777258 1

9.75524e-05 0.775 1
9.83244e-05 0.7695 1

0.533 0.773932 1
0.52821 0.7695 1

0.534172 0.775 1
0.533 0.773932 1

0.989757 0.775 1
0.990351 0.7695 1

9.8324e-05 0.7695 1
9.91123e-05 0.764 1

0.5275 0.768848 1
0.522298 0.764 1

0.52821 0.7695 1
0.5275 0.768848 1

0.990351 0.7695 1
0.990912 0.764 1

9.91124e-05 0.764 1
9.99179e-05 0.7585 1

0.5165 0.758561 1
0.516436 0.7585 1

0.522 0.763724 1
0.5165 0.758561 1

0.522298 0.764 1
0.522 0.763724 1

0.990912 0.764 1
0.991443 0.7585 1

9.9918e-05 0.7585 1
0.000100742 0.753 1

0.511 0.753361 1
0.510623 0.753 1

0.516436 0.7585 1
0.511 0.753361 1

0.991443 0.7585 1
0.991944 0.753 1

0.000100741 0.753 1
0.000101584 0.7475 1

0.5055 0.748122 1
0.504855 0.7475 1

0.510623 0.753 1
0.5055 0.748122 1

0.991944 0.753 1
0.992419 0.7475 1

0.000101583 0.7475 1
0.000102444 0.742 1

0.5 0.742845 1
0.49913 0.742 1

0.504855 0.7475 1
0.5 0.742845 1

0.992419 0.7475 1
0.992867 0.742 1

0.000102444 0.742 1
0.000103325 0.7365 1

0.4945 0.737529 1
0.493447 0.7365 1

0.49913 0.742 1
0.4945 0.737529 1

0.992867 0.742 1
0.993291 0.7365 1

0.000103325 0.7365 1
0.000104225 0.731 1

0.489 0.732176 1
0.487805 0.731 1

0.493447 0.7365 1
0.489 0.732176 1

0.993291 0.7365 1
0.993692 0.731 1

0.000104225 0.731 1
0.000105147 0.7255 1

0.4835 0.726786 1
0.482202 0.7255 1

0.487805 0.731 1
0.4835 0.726786 1

0.993692 0.731 1
0.99407 0.7255 1

0.000105147 0.7255 1
0.00010609 0.72 1

0.478 0.721358 1
0.476638 0.72 1

0.482202 0.7255 1
0.478 0.721358 1

0.99407 0.7255 1
0.994428 0.72 1

0.00010609 0.72 1
0.000107056 0.7145 1

0.4725 0.715894 1
0.471111 0.7145 1

0.476638 0.72 1
0.4725 0.715894 1

0.994428 0.72 1
0.994765 0.7145 1

0.000107056 0.7145 1
0.000108045 0.709 1

0.467 0.710393 1
0.465621 0.709 1

0.471111 0.7145 1
0.467 0.710393 1

0.994765 0.7145 1
0.995 0.710458 1

0.995084 0.709 1
0.995 0.710458 1

0.000108045 0.709 1
0.000109057 0.7035 1

0.4615 0.704856 1
0.460166 0.7035 1

0.465621 0.709 1
0.4615 0.704856 1

0.995084 0.709 1
0.995385 0.7035 1

0.000109058 0.7035 1
0.000110095 0.698 1

0.456 0.699283 1
0.454746 0.698 1

0.460166 0.7035 1
0.456 0.699283 1

0.995385 0.7035 1
0.995669 0.698 1

0.000110095 0.698 1
0.000111158 0.6925 1

0.4505 0.693674 1
0.44936 0.6925 1

0.454746 0.698 1
0.4505 0.693674 1

0.995669 0.698 1
0.995937 0.6925 1

0.000111158 0.6925 1
0.000112248 0.687 1

0.445 0.688029 1
0.444007 0.687 1

0.44936 0.6925 1
0.445 0.688029 1

0.995937 0.6925 1
0.99619 0.687 1

0.000112248 0.687 1
0.000113365 0.6815 1

0.4395 0.682348 1
0.438686 0.6815 1

0.444007 0.687 1
0.4395 0.682348 1

0.99619 0.687 1
0.996428 0.6815 1

0.000113365 0.6815 1
0.00011451 0.676 1

0.434 0.676632 1
0.433397 0.676 1

0.438686 0.6815 1
0.434 0.676632 1

0.996428 0.6815 1
0.996653 0.676 1

0.00011451 0.676 1
0.000115686 0.6705 1

0.4285 0.67088 1
0.428139 0.6705 1

0.433397 0.676 1
0.4285 0.67088 1

0.996653 0.676 1
0.996866 0.6705 1

0.000115686 0.6705 1
0.000116892 0.665 1

0.423 0.665093 1
0.422912 0.665 1

0.428139 0.6705 1
0.423 0.665093 1

0.996866 0.6705 1
0.997066 0.665 1

0.000116891 0.665 1
0.000118129 0.6595 1

0.422912 0.665 1
0.417713 0.6595 1

0.997066 0.665 1
0.997254 0.6595 1

0.000118129 0.6595 1
0.0001194 0.654 1

0.4175 0.659275 1
0.412542 0.654 1

0.417713 0.6595 1
0.4175 0.659275 1

0.997254 0.6595 1
0.997432 0.654 1

0.0001194 0.654 1
0.000120705 0.6485 1

0.412 0.653425 1
0.407399 0.6485 1

0.412542 0.654 1
0.412 0.653425 1

0.997432 0.654 1
0.997599 0.6485 1

0.000120704 0.6485 1
0.000122045 0.643 1

0.4065 0.64754 1
0.402283 0.643 1

0.407399 0.6485 1
0.4065 0.64754 1

0.997599 0.6485 1
0.997756 0.643 1

0.000122045 0.643 1
0.000123422 0.6375 1

0.401 0.641621 1
0.397194 0.6375 1

0.402283 0.643 1
0.401 0.641621 1

0.997756 0.643 1
0.997904 0.6375 1

0.000123422 0.6375 1
0.000124838 0.632 1

0.3955 0.635668 1
0.392133 0.632 1

0.397194 0.6375 1
0.3955 0.635668 1

0.997904 0.6375 1
0.998043 0.632 1

0.000124838 0.632 1
0.000126294 0.6265 1

0.39 0.62968 1
0.387097 0.6265 1

0.392133 0.632 1
0.39 0.62968 1

0.998043 0.632 1
0.998174 0.6265 1

0.000126294 0.6265 1
0.000127791 0.621 1

0.3845 0.623656 1
0.382088 0.621 1

0.387097 0.6265 1
0.3845 0.623656 1

0.998174 0.6265 1
0.998297 0.621 1

0.000127791 0.621 1
0.000129331 0.6155 1

0.379 0.617598 1
0.377106 0.6155 1

0.382088 0.621 1
0.379 0.617598 1

0.998297 0.621 1
0.998413 0.6155 1

0.000129332 0.6155 1
0.000130917 0.61 1

0.3735 0.611504 1
0.372149 0.61 1

0.377106 0.6155 1
0.3735 0.611504 1

0.998413 0.6155 1
0.998521 0.61 1

0.000130917 0.61 1
0.00013255 0.6045 1

0.368 0.605374 1
0.367219 0.6045 1

0.372149 0.61 1
0.368 0.605374 1

0.998521 0.61 1
0.998623 0.6045 1

0.00013255 0.6045 1
0.000134232 0.599 1

0.3625 0.599208 1
0.362315 0.599 1

0.367219 0.6045 1
0.3625 0.599208 1

0.998623 0.6045 1
0.998719 0.599 1

0.000134232 0.599 1
0.000135964 0.5935 1

0.362315 0.599 1
0.357427 0.5935 1

0.998719 0.599 1
0.998808 0.5935 1

0.000135964 0.5935 1
0.000137751 0.588 1

0.357 0.593019 1
0.352559 0.588 1

0.357427 0.5935 1
0.357 0.593019 1

0.998808 0.5935 1
0.998892 0.588 1

0.00013775 0.588 1
0.000139592 0.5825 1

0.3515 0.586801 1
0.347715 0.5825 1

0.352559 0.588 1
0.3515 0.586801 1

0.998892 0.588 1
0.998971 0.5825 1

0.000139592 0.5825 1
0.000141492 0.577 1

0.346 0.580547 1
0.342894 0.577 1

0.347715 0.5825 1
0.346 0.580547 1

0.998971 0.5825 1
0.999044 0.577 1

0.000141492 0.577 1
0.000143452 0.5715 1

0.3405 0.574257 1
0.338099 0.5715 1

0.342894 0.577 1
0.3405 0.574257 1

0.999044 0.577 1
0.999113 0.5715 1

0.000143452 0.5715 1
0.000145476 0.566 1

0.335 0.567929 1
0.333329 0.566 1

0.338099 0.5715 1
0.335 0.567929 1

0.999113 0.5715 1
0.999178 0.566 1

0.000145476 0.566 1
0.000147566 0.5605 1

0.3295 0.561562 1
0.328584 0.5605 1

0.333329 0.566 1
0.3295 0.561562 1

0.999178 0.566 1
0.999238 0.5605 1

0.000147566 0.5605 1
0.000149725 0.555 1

0.324 0.555156 1
0.323866 0.555 1

0.328584 0.5605 1
0.324 0.555156 1

0.999238 0.5605 1
0.999294 0.555 1

0.000149726 0.555 1
0.000151958 0.5495 1

0.323866 0.555 1
0.319151 0.5495 1

0.999294 0.555 1
0.999347 0.5495 1

0.000151958 0.5495 1
0.000154267 0.544 1

0.3185 0.548738 1
0.314454 0.544 1

0.319151 0.5495 1
0.3185 0.548738 1

0.999347 0.5495 1
0.999396 0.544 1

0.000154267 0.544 1
0.000156656 0.5385 1

0.313 0.542288 1
0.309781 0.5385 1

0.314454 0.544 1
0.313 0.542288 1

0.999396 0.544 1
0.999441 0.5385 1

0.000156656 0.5385 1
0.000159129 0.533 1

0.3075 0.535797 1
0.305134 0.533 1

0.309781 0.5385 1
0.3075 0.535797 1

0.999441 0.5385 1
0.999484 0.533 1

0.000159129 0.533 1
0.00016169 0.5275 1

0.302 0.529266 1
0.300513 0.5275 1

0.305134 0.533 1
0.302 0.529266 1

0.999484 0.533 1
0.999524 0.5275 1

0.00016169 0.5275 1
0.000164343 0.522 1

0.2965 0.522692 1
0.29592 0.522 1

0.300513 0.5275 1
0.2965 0.522692 1

0.999524 0.5275 1
0.99956 0.522 1

0.000164343 0.522 1
0.000167094 0.5165 1

0.29592 0.522 1
0.291339 0.5165 1

0.99956 0.522 1
0.999595 0.5165 1

0.000167094 0.5165 1
0.000169947 0.511 1

0.291 0.516092 1
0.286757 0.511 1

0.291339 0.5165 1
0.291 0.516092 1

0.999595 0.5165 1
0.999627 0.511 1

0.000169947 0.511 1
0.000172908 0.5055 1

0.2855 0.509478 1
0.2822 0.5055 1

0.286757 0.511 1
0.2855 0.509478 1

0.999627 0.511 1
0.999656 0.5055 1

0.000172909 0.5055 1
0.000175983 0.5 1

0.28 0.50282 1
0.277671 0.5 1

0.2822 0.5055 1
0.28 0.50282 1

0.999656 0.5055 1
0.999684 0.5 1

0.000175983 0.5 1
0.000179178 0.4945 1

0.2745 0.496117 1
0.27317 0.4945 1

0.277671 0.5 1
0.2745 0.496117 1

0.999684 0.5 1
0.999709 0.4945 1

0.000179178 0.4945 1
0.000182499 0.489 1

0.269 0.489366 1
0.2687 0.489 1

0.27317 0.4945 1
0.269 0.489366 1

0.999709 0.4945 1
0.999733 0.489 1

0.000182499 0.489 1
0.000185953 0.4835 1

0.2687 0.489 1
0.26422 0.4835 1

0.999733 0.489 1
0.999755 0.4835 1

0.000185954 0.4835 1
0.000189549 0.478 1

0.2635 0.482609 1
0.259749 0.478 1

0.26422 0.4835 1
0.2635 0.482609 1

0.999755 0.4835 1
0.999775 0.478 1

0.000189549 0.478 1
0.000193294 0.4725 1

0.258 0.475822 1
0.255307 0.4725 1

0.259749 0.478 1
0.258 0.475822 1

0.999775 0.478 1
0.999794 0.4725 1

0.000193294 0.4725 1
0.000197197 0.467 1

0.2525 0.468985 1
0.250897 0.467 1

0.255307 0.4725 1
0.2525 0.468985 1

0.999794 0.4725 1
0.999812 0.467 1

0.000197197 0.467 1
0.000201268 0.4615 1

0.247 0.462094 1
0.246522 0.4615 1

0.250897 0.467 1
0.247 0.462094 1

0.999812 0.467 1
0.999828 0.4615 1

0.000201267 0.4615 1
0.000205515 0.456 1

0.246522 0.4615 1
0.242138 0.456 1

0.999828 0.4615 1
0.999842 0.456 1

0.000205515 0.456 1
0.000209952 0.4505 1

0.2415 0.455192 1
0.237752 0.4505 1

0.242138 0.456 1
0.2415 0.455192 1

0.999842 0.456 1
0.999856 0.4505 1

0.000209952 0.4505 1
0.000214588 0.445 1

0.236 0.448269 1
0.233398 0.445 1

0.237752 0.4505 1
0.236 0.448269 1

0.999856 0.4505 1
0.999869 0.445 1

0.000214588 0.445 1
0.000219438 0.4395 1

0.2305 0.441288 1
0.229082 0.4395 1

0.233398 0.445 1
0.2305 0.441288 1

0.999869 0.445 1
0.99988 0.4395 1

0.000219438 0.4395 1
0.000224515 0.434 1

0.225 0.434246 1
0.224806 0.434 1

0.229082 0.4395 1
0.225 0.434246 1

0.99988 0.4395 1
0.999891 0.434 1

0.000224515 0.434 1
0.000229833 0.4285 1

0.224806 0.434 1
0.220487 0.4285 1

0.999891 0.434 1
0.999901 0.4285 1

0.000229833 0.4285 1
0.000235409 0.423 1

0.2195 0.42722 1
0.216188 0.423 1

0.220487 0.4285 1
0.2195 0.42722 1

0.999901 0.4285 1
0.99991 0.423 1

0.00023541 0.423 1
0.000241261 0.4175 1

0.214 0.420148 1
0.211929 0.4175 1

0.216188 0.423 1
0.214 0.420148 1

0.99991 0.423 1
0.999918 0.4175 1

0.000241262 0.4175 1
0.000247409 0.412 1

0.2085 0.413008 1
0.207714 0.412 1

0.211929 0.4175 1
0.2085 0.413008 1

0.999918 0.4175 1
0.999926 0.412 1

0.000247409 0.412 1
0.000253871 0.4065 1

0.207714 0.412 1
0.203499 0.4065 1

0.999926 0.412 1
0.999932 0.4065 1

0.000253871 0.4065 1
0.000260672 0.401 1

0.203 0.405842 1
0.199253 0.401 1

0.203499 0.4065 1
0.203 0.405842 1

0.999932 0.4065 1
0.999939 0.401 1

0.000260672 0.401 1
0.000267837 0.3955 1

0.1975 0.398673 1
0.195051 0.3955 1

0.199253 0.401 1
0.1975 0.398673 1

0.999939 0.401 1
0.999945 0.3955 1

0.000267836 0.3955 1
0.000275391 0.39 1

0.192 0.39143 1
0.190898 0.39 1

0.195051 0.3955 1
0.192 0.39143 1

0.999945 0.3955 1
0.99995 0.39 1

0.000275391 0.39 1
0.000283366 0.3845 1

0.190898 0.39 1
0.186772 0.3845 1

0.99995 0.39 1
0.999955 0.3845 1

0.000283366 0.3845 1
0.000291794 0.379 1

0.1865 0.384134 1
0.18258 0.379 1

0.186772 0.3845 1
0.1865 0.384134 1

0.999955 0.3845 1
0.999959 0.379 1

0.000291794 0.379 1
0.000300711 0.3735 1

0.181 0.376864 1
0.178437 0.3735 1

0.18258 0.379 1
0.181 0.376864 1

0.999959 0.379 1
0.999963 0.3735 1

0.000300712 0.3735 1
0.000310157 0.368 1

0.1755 0.369509 1
0.174352 0.368 1

0.178437 0.3735 1
0.1755 0.369509 1

0.999963 0.3735 1
0.999967 0.368 1

0.000310158 0.368 1
0.000320177 0.3625 1

0.174352 0.368 1
0.170294 0.3625 1

0.999967 0.368 1
0.99997 0.3625 1

0.000320177 0.3625 1
0.000330817 0.357 1

0.17 0.362097 1
0.166159 0.357 1

0.170294 0.3625 1
0.17 0.362097 1

0.99997 0.3625 1
0.999973 0.357 1

0.000330817 0.357 1
0.000342133 0.3515 1

0.1645 0.354715 1
0.16208 0.3515 1

0.166159 0.357 1
0.1645 0.354715 1

0.999973 0.357 1
0.999976 0.3515 1

0.000342133 0.3515 1
0.000354183 0.346 1

0.159 0.347237 1
0.158069 0.346 1

0.16208 0.3515 1
0.159 0.347237 1

0.999976 0.3515 1
0.999978 0.346 1

0.000354183 0.346 1
0.000367036 0.3405 1

0.158069 0.346 1
0.154054 0.3405 1

0.999978 0.346 1
0.999981 0.3405 1

0.000367036 0.3405 1
0.000380765 0.335 1

0.1535 0.339725 1
0.149981 0.335 1

0.154054 0.3405 1
0.1535 0.339725 1

0.999981 0.3405 1
0.999983 0.335 1

0.000380765 0.335 1
0.000395454 0.3295 1

0.148 0.332218 1
0.145976 0.3295 1

0.149981 0.335 1
0.148 0.332218 1

0.999983 0.335 1
0.999985 0.3295 1

0.000395454 0.3295 1
0.000411197 0.324 1

0.1425 0.324599 1
0.142053 0.324 1

0.145976 0.3295 1
0.1425 0.324599 1

0.999985 0.3295 1
0.999986 0.324 1

0.000411197 0.324 1
0.000428098 0.3185 1

0.142053 0.324 1
0.138045 0.3185 1

0.999986 0.324 1
0.999988 0.3185 1

0.000428098 0.3185 1
0.000446278 0.313 1

0.137 0.317009 1
0.134043 0.313 1

0.138045 0.3185 1
0.137 0.317009 1

0.999988 0.3185 1
0.999989 0.313 1

0.000446278 0.313 1
0.000465871 0.3075 1

0.1315 0.309358 1
0.130127 0.3075 1

0.134043 0.313 1
0.1315 0.309358 1

0.999989 0.313 1
0.99999 0.3075 1

0.000465871 0.3075 1
0.00048703 0.302 1

0.130127 0.3075 1
0.126264 0.302 1

0.99999 0.3075 1
0.999991 0.302 1

0.00048703 0.302 1
0.00050993 0.2965 1

0.126 0.301617 1
0.122263 0.2965 1

0.126264 0.302 1
0.126 0.301617 1

0.999991 0.302 1
0.999992 0.2965 1

0.000509931 0.2965 1
0.000534772 0.291 1

0.1205 0.293936 1
0.11835 0.291 1

0.122263 0.2965 1
0.1205 0.293936 1

0.999992 0.2965 1
0.999993 0.291 1

0.000534772 0.291 1
0.000561784 0.2855 1

0.115 0.286115 1
0.114547 0.2855 1

0.11835 0.291 1
0.115 0.286115 1

0.999993 0.291 1
0.999994 0.2855 1

0.000561784 0.2855 1
0.000591233 0.28 1

0.114547 0.2855 1
0.110623 0.28 1

0.999994 0.2855 1
0.999995 0.28 1

0.000591233 0.28 1
0.000623425 0.2745 1

0.1095 0.27834 1
0.10671 0.2745 1

0.110623 0.28 1
0.1095 0.27834 1

0.999995 0.28 1
0.999995 0.2745 1

0.000623425 0.2745 1
0.000658718 0.269 1

0.104 0.270484 1
0.102914 0.269 1

0.10671 0.2745 1
0.104 0.270484 1

0.999995 0.2745 1
0.999996 0.269 1

0.000658719 0.269 1
0.000697531 0.2635 1

0.102914 0.269 1
0.0991103 0.2635 1

0.999996 0.269 1
0.999996 0.2635 1

0.000697531 0.2635 1
0.000740356 0.258 1

0.0985 0.262582 1
0.0951931 0.258 1

0.0991103 0.2635 1
0.0985 0.262582 1

0.999996 0.2635 1
0.999997 0.258 1

0.000740356 0.258 1
0.000787775 0.2525 1

0.093 0.254696 1
0.0914003 0.2525 1

0.0951931 0.258 1
0.093 0.254696 1

0.999997 0.258 1
0.999997 0.2525 1

0.000787775 0.2525 1
0.000840482 0.247 1

0.0914003 0.2525 1
0.0877094 0.247 1

0.999997 0.2525 1
0.999998 0.247 1

0.000840482 0.247 1
0.000899309 0.2415 1

0.0875 0.246679 1
0.0837802 0.2415 1

0.0877094 0.247 1
0.0875 0.246679 1

0.999998 0.247 1
0.999998 0.2415 1

0.000899309 0.2415 1
0.000965261 0.236 1

0.082 0.238774 1
0.0799828 0.236 1

0.0837802 0.2415 1
0.082 0.238774 1

0.999998 0.2415 1
0.999998 0.236 1

0.000965261 0.236 1
0.00103956 0.2305 1

0.0765 0.230685 1
0.0763628 0.2305 1

0.0799828 0.236 1
0.0765 0.230685 1

0.999998 0.236 1
0.999998 0.2305 1

0.00103956 0.2305 1
0.00112372 0.225 1

0.0763628 0.2305 1
0.0724436 0.225 1

0.999998 0.2305 1
0.999999 0.225 1

0.00112372 0.225 1
0.00121959 0.2195 1

0.071 0.222753 1
0.0686271 0.2195 1

0.0724436 0.225 1
0.071 0.222753 1

0.999999 0.225 1
0.999999 0.2195 1

0.00121959 0.2195 1
0.00132953 0.214 1

0.0655 0.214667 1
0.0650008 0.214 1

0.0686271 0.2195 1
0.0655 0.214667 1

0.999999 0.2195 1
0.999999 0.214 1

0.00132953 0.214 1
0.00145652 0.2085 1

0.0650008 0.214 1
0.0611395 0.2085 1

0.999999 0.214 1
0.999999 0.2085 1

0.00145652 0.2085 1
0.0016044 0.203 1

0.06 0.2067 1
0.0572733 0.203 1

0.0611395 0.2085 1
0.06 0.2067 1

0.999999 0.2085 1
0.999999 0.203 1

0.0016044 0.203 1
0.0017782 0.1975 1

0.0545 0.198674 1
0.0536014 0.1975 1

0.0572733 0.203 1
0.0545 0.198674 1

0.999999 0.203 1
0.999999 0.1975 1

0.0017782 0.1975 1
0.00198465 0.192 1

0.0536014 0.1975 1
0.0497905 0.192 1

0.999999 0.1975 1
0.999999 0.192 1

0.00198465 0.192 1
0.00223292 0.1865 1

0.049 0.190737 1
0.0458051 0.1865 1

0.0497905 0.192 1
0.049 0.190737 1

0.999999 0.192 1
1 0.1865 1

0.00223292 0.1865 1
0.00253583 0.181 1

0.0435 0.182899 1
0.0419816 0.181 1

0.0458051 0.1865 1
0.0435 0.182899 1

1 0.1865 1
1 0.181 1

0.00253583 0.181 1
0.00291187 0.1755 1

0.0419816 0.181 1
0.0382407 0.1755 1

1 0.181 1
1 0.1755 1

0.00291187 0.1755 1
0.00338866 0.17 1

0.038 0.175114 1
0.033959 0.17 1

0.0382407 0.1755 1
0.038 0.175114 1

1 0.1755 1
1 0.17 1

0.00338866 0.17 1
0.00400937 0.1645 1

0.0325 0.167755 1
0.0296607 0.1645 1

0.033959 0.17 1
0.0325 0.167755 1

1 0.17 1
1 0.1645 1

0.00400937 0.1645 1
0.00484544 0.159 1

0.027 0.160709 1
0.0252348 0.159 1

0.0296607 0.1645 1
0.027 0.160709 1

1 0.1645 1
1 0.159 1

0.00484544 0.159 1
0.005 0.158221 1

0.0066216 0.1535 1
0.005 0.158221 1

0.0215 0.154394 1
0.0202209 0.1535 1

0.0252348 0.159 1
0.0215 0.154394 1

1 0.159 1
1 0.1535 1

0.0066216 0.1535 1
0.0105 0.148106 1

0.016 0.149635 1
0.0105 0.148106 1

0.0202209 0.1535 1
0.016 0.149635 1

1 0.1535 1
1 0.148 1

1 0.148 1
1 0.1425 1

1 0.1425 1
1 0.137 1

1 0.137 1
1 0.1315 1

1 0.1315 1
1 0.126 1

1 0.126 1
1 0.1205 1

1 0.1205 1
1 0.115 1

1 0.115 1
1 0.1095 1

1 0.1095 1
1 0.104 1

1 0.104 1
1 0.0985 1

1 0.0985001 1
1 0.0930001 1

1 0.093 1
1 0.0875 1

1 0.0875 1
1 0.082 1

1 0.0820001 1
1 0.0765001 1

1 0.0765 1
1 0.071 1

1 0.071 1
1 0.0655 1

1 0.0655001 1
1 0.0600001 1

1 0.06 1
1 0.0545 1

1 0.0545 1
1 0.049 1

1 0.0490001 1
1 0.0435001 1

1 0.0435 1
1 0.038 1

1 0.038 1
1 0.0325 1

1 0.0325001 1
1 0.0270001 1

1 0.027 1
1 0.0215 1

1 0.0215 1
1 0.016 1

1 0.0160001 1
1 0.0105001 1

1 0.0105 1
1 0.005 1

1 0.00500004 1
1 -0.000499964 1

1 -0.000499923 1
1 -0.00599992 1

1 -0.006 1
1 -0.0115 1

1 -0.0115 1
1 -0.017 1

1 -0.0169999 1
1 -0.0224999 1

1 -0.0225 1
1 -0.028 1

1 -0.028 1
1 -0.0335 1

1 -0.0334999 1
1 -0.0389999 1

1 -0.039 1
1 -0.0445 1

0.005 -0.0499725 1
4.65661e-10 -0.05 1

0.00502765 -0.05 1
0.005 -0.0499725 1

-0.0499768 0.9455 2
-0.05 0.948779 2

1.028 0.945569 2
1.02756 0.9455 2

1.0335 0.946418 2
1.028 0.945569 2

1.039 0.947254 2
1.0335 0.946418 2

1.0445 0.948077 2
1.039 0.947254 2

1.05 0.948885 2
1.0445 0.948077 2

-0.0499768 0.9455 2
-0.0499381 0.94 2

0.995 0.940157 2
0.994099 0.94 2

1.0005 0.941096 2
0.995 0.940157 2

1.006 0.94202 2
1.0005 0.941096 2

1.0115 0.942929 2
1.006 0.94202 2

1.017 0.943823 2
1.0115 0.942929 2

1.0225 0.944703 2
1.017 0.943823 2

1.02756 0.9455 2
1.0225 0.944703 2

-0.0499381 0.94 2
-0.0498996 0.9345 2

0.9675 0.935216 2
0.963708 0.9345 2

0.973 0.936236 2
0.9675 0.935216 2

0.9785 0.93724 2
0.973 0.936236 2

0.984 0.938228 2
0.9785 0.93724 2

0.9895 0.9392 2
0.984 0.938228 2

0.994099 0.94 2
0.9895 0.9392 2

-0.0498996 0.9345 2
-0.0498612 0.929 2

0.94 0.929851 2
0.935845 0.929 2

0.9455 0.930958 2
0.94 0.929851 2

0.951 0.932049 2
0.9455 0.930958 2

0.9565 0.933122 2
0.951 0.932049 2

0.962 0.934178 2
0.9565 0.933122 2

0.963708 0.9345 2
0.962 0.934178 2

-0.0498612 0.929 2
-0.049823 0.9235 2

0.9125 0.92403 2
0.910115 0.9235 2

0.918 0.925232 2
0.9125 0.92403 2

0.9235 0.926414 2
0.918 0.925232 2

0.929 0.927579 2
0.9235 0.926414 2

0.9345 0.928725 2
0.929 0.927579 2

0.935845 0.929 2
0.9345 0.928725 2

-0.049823 0.9235 2
-0.0497849 0.918 2

0.8905 0.919022 2
0.886183 0.918 2

0.896 0.920304 2
0.8905 0.919022 2

0.9015 0.921566 2
0.896 0.920304 2

0.907 0.922808 2
0.9015 0.921566 2

0.910115 0.9235 2
0.907 0.922808 2

-0.0497849 0.918 2
-0.0497471 0.9125 2

0.8685 0.913684 2
0.863809 0.9125 2

0.874 0.91505 2
0.8685 0.913684 2

0.8795 0.916395 2
0.874 0.91505 2

0.885 0.91772 2
0.8795 0.916395 2

0.886183 0.918 2
0.885 0.91772 2

-0.0497471 0.9125 2
-0.0497094 0.907 2

0.8465 0.907996 2
0.842796 0.907 2

0.852 0.909451 2
0.8465 0.907996 2

0.8575 0.910884 2
0.852 0.909451 2

0.863 0.912296 2
0.8575 0.910884 2

0.863809 0.9125 2
0.863 0.912296 2

-0.0497094 0.907 2
-0.0496718 0.9015 2

0.8245 0.901941 2
0.822961 0.9015 2

0.83 0.903489 2
0.8245 0.901941 2

0.8355 0.905015 2
0.83 0.903489 2

0.841 0.906518 2
0.8355 0.905015 2

0.842796 0.907 2
0.841 0.906518 2

-0.0496718 0.9015 2
-0.0496344 0.896 2

0.808 0.897146 2
0.804177 0.896 2

0.8135 0.898768 2
0.808 0.897146 2

0.819 0.900367 2
0.8135 0.898768 2

0.822961 0.9015 2
0.819 0.900367 2

-0.0496344 0.896 2
-0.0495972 0.8905 2

0.7915 0.892125 2
0.786315 0.8905 2

0.797 0.893824 2
0.7915 0.892125 2

0.8025 0.895498 2
0.797 0.893824 2

0.804177 0.896 2
0.8025 0.895498 2

-0.0495972 0.8905 2
-0.0495601 0.885 2

0.7695 0.885067 2
0.769299 0.885 2

0.775 0.88687 2
0.7695 0.885067 2

0.7805 0.888648 2
0.775 0.88687 2

0.786 0.890401 2
0.7805 0.888648 2

0.786315 0.8905 2
0.786 0.890401 2

-0.0495601 0.885 2
-0.0495231 0.8795 2

0.7585 0.881373 2
0.753036 0.8795 2

0.764 0.883233 2
0.7585 0.881373 2

0.769299 0.885 2
0.764 0.883233 2

-0.0495231 0.8795 2
-0.0494863 0.874 2

0.742 0.875625 2
0.737468 0.874 2

0.7475 0.87757 2
0.742 0.875625 2

0.753 0.879487 2
0.7475 0.87757 2

0.753036 0.8795 2
0.753 0.879487 2

-0.0494863 0.874 2
-0.0494496 0.8685 2

0.7255 0.869618 2
0.72252 0.8685 2

0.731 0.87165 2
0.7255 0.869618 2

0.7365 0.873654 2
0.731 0.87165 2

0.737468 0.874 2
0.7365 0.873654 2

-0.0494496 0.8685 2
-0.0494131 0.863 2

0.709 0.863344 2
0.708124 0.863 2

0.7145 0.865464 2
0.709 0.863344 2

0.72 0.867557 2
0.7145 0.865464 2

0.72252 0.8685 2
0.72 0.867557 2

-0.0494131 0.863 2
-0.0493767 0.8575 2

0.698 0.859006 2
0.694264 0.8575 2

0.7035 0.86119 2
0.698 0.859006 2

0.708124 0.863 2
0.7035 0.86119 2

-0.0493767 0.8575 2
-0.0493405 0.852 2

0.6815 0.852265 2
0.680871 0.852 2

0.687 0.854543 2
0.6815 0.852265 2

0.6925 0.856791 2
0.687 0.854543 2

0.694264 0.8575 2
0.6925 0.856791 2

-0.0493405 0.852 2
-0.0493044 0.8465 2

0.6705 0.847609 2
0.66794 0.8465 2

0.676 0.849952 2
0.6705 0.847609 2

0.680871 0.852 2
0.676 0.849952 2

-0.0493044 0.8465 2
-0.0492684 0.841 2

0.6595 0.84282 2
0.655406 0.841 2

0.665 0.845231 2
0.6595 0.84282 2

0.66794 0.8465 2
0.665 0.845231 2

-0.0492684 0.841 2
-0.0492326 0.8355 2

0.6485 0.837897 2
0.64325 0.8355 2

0.654 0.840377 2
0.6485 0.837897 2

0.655406 0.841 2
0.654 0.840377 2

-0.0492326 0.8355 2
-0.0491968 0.83 2

0.632 0.830256 2
0.631463 0.83 2

0.6375 0.832837 2
0.632 0.830256 2

0.643 0.835386 2
0.6375 0.832837 2

0.64325 0.8355 2
0.643 0.835386 2

-0.0491968 0.83 2
-0.0491612 0.8245 2

0.621 0.824985 2
0.620012 0.8245 2

0.6265 0.827637 2
0.621 0.824985 2

0.631463 0.83 2
0.6265 0.827637 2

-0.0491613 0.8245 2
-0.0491258 0.819 2

0.61 0.81957 2
0.60887 0.819 2

0.6155 0.822294 2
0.61 0.81957 2

0.620012 0.8245 2
0.6155 0.822294 2

-0.0491258 0.819 2
-0.0490904 0.8135 2

0.599 0.814008 2
0.598019 0.8135 2

0.6045 0.816806 2
0.599 0.814008 2

0.60887 0.819 2
0.6045 0.816806 2

-0.0490904 0.8135 2
-0.0490552 0.808 2

0.588 0.808297 2
0.587442 0.808 2

0.5935 0.81117 2
0.588 0.808297 2

0.598019 0.8135 2
0.5935 0.81117 2

-0.0490552 0.808 2
-0.0490201 0.8025 2

0.5825 0.805383 2
0.577125 0.8025 2

0.587442 0.808 2
0.5825 0.805383 2

-0.0490201 0.8025 2
-0.0489851 0.797 2

0.5715 0.799442 2
0.567068 0.797 2

0.577 0.802433 2
0.5715 0.799442 2

0.577125 0.8025 2
0.577 0.802433 2

-0.0489851 0.797 2
-0.0489502 0.7915 2

0.5605 0.793345 2
0.55724 0.7915 2

0.566 0.796414 2
0.5605 0.793345 2

0.567068 0.797 2
0.566 0.796414 2

-0.0489502 0.7915 2
-0.0489154 0.786 2

0.5495 0.787089 2
0.547627 0.786 2

0.555 0.790237 2
0.5495 0.787089 2

0.55724 0.7915 2
0.555 0.790237 2

-0.0489154 0.786 2
-0.0488807 0.7805 2

0.5385 0.780672 2
0.538212 0.7805 2

0.544 0.7839 2
0.5385 0.780672 2

0.547627 0.786 2
0.544 0.7839 2

-0.0488807 0.7805 2
-0.0488461 0.775 2

0.533 0.7774 2
0.529019 0.775 2

0.538212 0.7805 2
0.533 0.7774 2

-0.0488461 0.775 2
-0.0488117 0.7695 2

0.522 0.770734 2
0.520008 0.7695 2

0.5275 0.774089 2
0.522 0.770734 2

0.529019 0.775 2
0.5275 0.774089 2

-0.0488117 0.7695 2
-0.0487773 0.764 2

0.5165 0.767337 2
0.511162 0.764 2

0.520008 0.7695 2
0.5165 0.767337 2

-0.0487773 0.764 2
-0.048743 0.7585 2

0.5055 0.760416 2
0.502517 0.7585 2

0.511 0.7639 2
0.5055 0.760416 2

0.511162 0.764 2
0.511 0.7639 2

-0.048743 0.7585 2
-0.0487089 0.753 2

0.4945 0.753322 2
0.494012 0.753 2

0.5 0.756891 2
0.4945 0.753322 2

0.502517 0.7585 2
0.5 0.756891 2

-0.0487089 0.753 2
-0.0486748 0.7475 2

0.489 0.749708 2
0.485686 0.7475 2

0.494012 0.753 2
0.489 0.749708 2

-0.0486748 0.7475 2
-0.0486408 0.742 2

0.478 0.742348 2
0.477492 0.742 2

0.4835 0.746051 2
0.478 0.742348 2

0.485686 0.7475 2
0.4835 0.746051 2

-0.0486408 0.742 2
-0.0486069 0.7365 2

0.4725 0.738599 2
0.469464 0.7365 2

0.477492 0.742 2
0.4725 0.738599 2

-0.0486069 0.7365 2
-0.0485731 0.731 2

0.467 0.734806 2
0.461549 0.731 2

0.469464 0.7365 2
0.467 0.734806 2

-0.0485731 0.731 2
-0.0485394 0.7255 2

0.456 0.727079 2
0.453799 0.7255 2

0.4615 0.730966 2
0.456 0.727079 2

0.461549 0.731 2
0.4615 0.730966 2

-0.0485394 0.7255 2
-0.0485057 0.72 2

0.4505 0.723146 2
0.446159 0.72 2

0.453799 0.7255 2
0.4505 0.723146 2

-0.0485057 0.72 2
-0.0484722 0.7145 2

0.4395 0.715136 2
0.438645 0.7145 2

0.445 0.719165 2
0.4395 0.715136 2

0.446159 0.72 2
0.445 0.719165 2

-0.0484722 0.7145 2
-0.0484387 0.709 2

0.434 0.71106 2
0.431262 0.709 2

0.438645 0.7145 2
0.434 0.71106 2

-0.0484387 0.709 2
-0.0484054 0.7035 2

0.4285 0.706934 2
0.42398 0.7035 2

0.431262 0.709 2
0.4285 0.706934 2

-0.0484054 0.7035 2
-0.0483721 0.698 2

0.4175 0.698536 2
0.416814 0.698 2

0.423 0.70276 2
0.4175 0.698536 2

0.42398 0.7035 2
0.423 0.70276 2

-0.0483721 0.698 2
-0.0483388 0.6925 2

0.412 0.694262 2
0.409767 0.6925 2

0.416814 0.698 2
0.412 0.694262 2

-0.0483388 0.6925 2
-0.0483057 0.687 2

0.4065 0.689937 2
0.402815 0.687 2

0.409767 0.6925 2
0.4065 0.689937 2

-0.0483057 0.687 2
-0.0482726 0.6815 2

0.401 0.685562 2
0.395956 0.6815 2

0.402815 0.687 2
0.401 0.685562 2

-0.0482726 0.6815 2
-0.0482396 0.676 2

0.39 0.676656 2
0.389208 0.676 2

0.3955 0.681135 2
0.39 0.676656 2

0.395956 0.6815 2
0.3955 0.681135 2

-0.0482396 0.676 2
-0.0482066 0.6705 2

0.3845 0.672125 2
0.382557 0.6705 2

0.389208 0.676 2
0.3845 0.672125 2

-0.0482066 0.6705 2
-0.0481738 0.665 2

0.379 0.667541 2
0.375994 0.665 2

0.382557 0.6705 2
0.379 0.667541 2

-0.0481738 0.665 2
-0.048141 0.6595 2

0.3735 0.662904 2
0.369516 0.6595 2

0.375994 0.665 2
0.3735 0.662904 2

-0.048141 0.6595 2
-0.0481082 0.654 2

0.368 0.658212 2
0.363122 0.654 2

0.369516 0.6595 2
0.368 0.658212 2

-0.0481082 0.654 2
-0.0480756 0.6485 2

0.357 0.648664 2
0.356815 0.6485 2

0.3625 0.653466 2
0.357 0.648664 2

0.363122 0.654 2
0.3625 0.653466 2

-0.0480756 0.6485 2
-0.0480429 0.643 2

0.3515 0.643808 2
0.350599 0.643 2

0.356815 0.6485 2
0.3515 0.643808 2

-0.0480429 0.643 2
-0.0480104 0.6375 2

0.346 0.638896 2
0.344462 0.6375 2

0.350599 0.643 2
0.346 0.638896 2

-0.0480104 0.6375 2
-0.0479779 0.632 2

0.3405 0.633926 2
0.3384 0.632 2

0.344462 0.6375 2
0.3405 0.633926 2

-0.0479779 0.632 2
-0.0479455 0.6265 2

0.335 0.628899 2
0.332413 0.6265 2

0.3384 0.632 2
0.335 0.628899 2

-0.0479455 0.6265 2
-0.0479131 0.621 2

0.3295 0.623814 2
0.326499 0.621 2

0.332413 0.6265 2
0.3295 0.623814 2

-0.0479131 0.621 2
-0.0478807 0.6155 2

0.324 0.61867 2
0.320657 0.6155 2

0.326499 0.621 2
0.324 0.61867 2

-0.0478807 0.6155 2
-0.0478485 0.61 2

0.3185 0.613467 2
0.314885 0.61 2

0.320657 0.6155 2
0.3185 0.613467 2

-0.0478485 0.61 2
-0.0478162 0.6045 2

0.313 0.608203 2
0.309182 0.6045 2

0.314885 0.61 2
0.313 0.608203 2

-0.0478162 0.6045 2
-0.0477841 0.599 2

0.3075 0.602878 2
0.303546 0.599 2

0.309182 0.6045 2
0.3075 0.602878 2

-0.0477841 0.599 2
-0.047752 0.5935 2

0.302 0.597492 2
0.297976 0.5935 2

0.303546 0.599 2
0.302 0.597492 2

-0.047752 0.5935 2
-0.0477199 0.588 2

0.2965 0.592044 2
0.29247 0.588 2

0.297976 0.5935 2
0.2965 0.592044 2

-0.0477199 0.588 2
-0.0476878 0.5825 2

0.291 0.586533 2
0.287027 0.5825 2

0.29247 0.588 2
0.291 0.586533 2

-0.0476878 0.5825 2
-0.0476559 0.577 2

0.2855 0.580958 2
0.281647 0.577 2

0.287027 0.5825 2
0.2855 0.580958 2

-0.0476559 0.577 2
-0.0476239 0.5715 2

0.28 0.575318 2
0.276326 0.5715 2

0.281647 0.577 2
0.28 0.575318 2

-0.0476239 0.5715 2
-0.047592 0.566 2

0.2745 0.569613 2
0.271064 0.566 2

0.276326 0.5715 2
0.2745 0.569613 2

-0.047592 0.566 2
-0.0475602 0.5605 2

0.269 0.563841 2
0.26586 0.5605 2

0.271064 0.566 2
0.269 0.563841 2

-0.0475602 0.5605 2
-0.0475284 0.555 2

0.2635 0.558002 2
0.260712 0.555 2

0.26586 0.5605 2
0.2635 0.558002 2

-0.0475284 0.555 2
-0.0474966 0.5495 2

0.258 0.552094 2
0.25562 0.5495 2

0.260712 0.555 2
0.258 0.552094 2

-0.0474966 0.5495 2
-0.0474648 0.544 2

0.2525 0.546117 2
0.250581 0.544 2

0.25562 0.5495 2
0.2525 0.546117 2

-0.0474648 0.544 2
-0.0474331 0.5385 2

0.247 0.540068 2
0.245595 0.5385 2

0.250581 0.544 2
0.247 0.540068 2

-0.0474331 0.5385 2
-0.0474015 0.533 2

0.2415 0.533948 2
0.240661 0.533 2

0.245595 0.5385 2
0.2415 0.533948 2

-0.0474015 0.533 2
-0.0473698 0.5275 2

0.236 0.527754 2
0.235778 0.5275 2

0.240661 0.533 2
0.236 0.527754 2

-0.0473698 0.5275 2
-0.0473382 0.522 2

0.235778 0.5275 2
0.23095 0.522 2

-0.0473382 0.522 2
-0.0473067 0.5165 2

0.2305 0.521489 2
0.226174 0.5165 2

0.23095 0.522 2
0.2305 0.521489 2

-0.0473067 0.5165 2
-0.0472751 0.511 2

0.225 0.515151 2
0.221446 0.511 2

0.226174 0.5165 2
0.225 0.515151 2

-0.0472751 0.511 2
-0.0472436 0.5055 2

0.2195 0.508736 2
0.216764 0.5055 2

0.221446 0.511 2
0.2195 0.508736 2

-0.0472436 0.5055 2
-0.0472121 0.5 2

0.214 0.502241 2
0.212129 0.5 2

0.216764 0.5055 2
0.214 0.502241 2

-0.0472121 0.5 2
-0.0471807 0.4945 2

0.2085 0.495666 2
0.207539 0.4945 2

0.212129 0.5 2
0.2085 0.495666 2

-0.0471807 0.4945 2
-0.0471493 0.489 2

0.203 0.489007 2
0.202994 0.489 2

0.207539 0.4945 2
0.203 0.489007 2

-0.0471493 0.489 2
-0.0471179 0.4835 2

0.202994 0.489 2
0.198502 0.4835 2

-0.0471179 0.4835 2
-0.0470865 0.478 2

0.1975 0.482276 2
0.194053 0.478 2

0.198502 0.4835 2
0.1975 0.482276 2

-0.0470865 0.478 2
-0.0470552 0.4725 2

0.192 0.475459 2
0.189646 0.4725 2

0.194053 0.478 2
0.192 0.475459 2

-0.0470552 0.4725 2
-0.0470239 0.467 2

0.1865 0.468552 2
0.185281 0.467 2

0.189646 0.4725 2
0.1865 0.468552 2

-0.0470239 0.467 2
-0.0469926 0.4615 2

0.181 0.461554 2
0.180958 0.4615 2

0.185281 0.467 2
0.181 0.461554 2

-0.0469926 0.4615 2
-0.0469613 0.456 2

0.180958 0.4615 2
0.176684 0.456 2

-0.0469613 0.456 2
-0.04693 0.4505 2

0.1755 0.454479 2
0.172449 0.4505 2

0.176684 0.456 2
0.1755 0.454479 2

-0.04693 0.4505 2
-0.0468988 0.445 2

0.17 0.447309 2
0.168253 0.445 2

0.172449 0.4505 2
0.17 0.447309 2

-0.0468988 0.445 2
-0.0468676 0.4395 2

0.1645 0.440038 2
0.164099 0.4395 2

0.168253 0.445 2
0.1645 0.440038 2

-0.0468676 0.4395 2
-0.0468364 0.434 2

0.164099 0.4395 2
0.159987 0.434 2

-0.0468364 0.434 2
-0.0468052 0.4285 2

0.159 0.432681 2
0.155914 0.4285 2

0.159987 0.434 2
0.159 0.432681 2

-0.0468052 0.4285 2
-0.0467741 0.423 2

0.1535 0.425225 2
0.15188 0.423 2

0.155914 0.4285 2
0.1535 0.425225 2

-0.0467741 0.423 2
-0.0467429 0.4175 2

0.148 0.417658 2
0.147887 0.4175 2

0.15188 0.423 2
0.148 0.417658 2

-0.0467429 0.4175 2
-0.0467118 0.412 2

0.147887 0.4175 2
0.143931 0.412 2

-0.0467118 0.412 2
-0.0466807 0.4065 2

0.1425 0.410006 2
0.140014 0.4065 2

0.143931 0.412 2
0.1425 0.410006 2

-0.0466807 0.4065 2
-0.0466496 0.401 2

0.137 0.402237 2
0.136136 0.401 2

0.140014 0.4065 2
0.137 0.402237 2

-0.0466496 0.401 2
-0.0466185 0.3955 2

0.136136 0.401 2
0.132295 0.3955 2

-0.0466185 0.3955 2
-0.0465875 0.39 2

0.1315 0.394361 2
0.12849 0.39 2

0.132295 0.3955 2
0.1315 0.394361 2

-0.0465875 0.39 2
-0.0465564 0.3845 2

0.126 0.386376 2
0.124724 0.3845 2

0.12849 0.39 2
0.126 0.386376 2

-0.0465564 0.3845 2
-0.0465254 0.379 2

0.124724 0.3845 2
0.120996 0.379 2

-0.0465254 0.379 2
-0.0464944 0.3735 2

0.1205 0.378268 2
0.117299 0.3735 2

0.120996 0.379 2
0.1205 0.378268 2

-0.0464944 0.3735 2
-0.0464633 0.368 2

0.115 0.370053 2
0.113643 0.368 2

0.117299 0.3735 2
0.115 0.370053 2

-0.0464633 0.368 2
-0.0464323 0.3625 2

0.113643 0.368 2
0.110025 0.3625 2

-0.0464323 0.3625 2
-0.0464014 0.357 2

0.1095 0.361702 2
0.106434 0.357 2

0.110025 0.3625 2
0.1095 0.361702 2

-0.0464014 0.357 2
-0.0463704 0.3515 2

0.104 0.353235 2
0.102886 0.3515 2

0.106434 0.357 2
0.104 0.353235 2

-0.0463704 0.3515 2
-0.0463394 0.346 2

0.102886 0.3515 2
0.0993731 0.346 2

-0.0463394 0.346 2
-0.0463085 0.3405 2

0.0985 0.344629 2
0.0958874 0.3405 2

0.0993731 0.346 2
0.0985 0.344629 2

-0.0463085 0.3405 2
-0.0462775 0.335 2

0.093 0.335883 2
0.0924498 0.335 2

0.0958874 0.3405 2
0.093 0.335883 2

-0.0462775 0.335 2
-0.0462466 0.3295 2

0.0924498 0.335 2
0.0890344 0.3295 2

-0.0462466 0.3295 2
-0.0462156 0.324 2

0.0875 0.327006 2
0.0856563 0.324 2

0.0890344 0.3295 2
0.0875 0.327006 2

-0.0462156 0.324 2
-0.0461847 0.3185 2

0.0856563 0.324 2
0.0823258 0.3185 2

-0.0461847 0.3185 2
-0.0461538 0.313 2

0.082 0.317961 2
0.0790057 0.313 2

0.0823258 0.3185 2
0.082 0.317961 2

-0.0461538 0.313 2
-0.0461229 0.3075 2

0.0765 0.308778 2
0.075741 0.3075 2

0.0790057 0.313 2
0.0765 0.308778 2

-0.0461229 0.3075 2
-0.046092 0.302 2

0.075741 0.3075 2
0.0724967 0.302 2

-0.046092 0.302 2
-0.0460611 0.2965 2

0.071 0.299432 2
0.0692889 0.2965 2

0.0724967 0.302 2
0.071 0.299432 2

-0.0460611 0.2965 2
-0.0460302 0.291 2

0.0692889 0.2965 2
0.0661282 0.291 2

-0.0460302 0.291 2
-0.0459993 0.2855 2

0.0655 0.289901 2
0.062976 0.2855 2

0.0661282 0.291 2
0.0655 0.289901 2

-0.0459993 0.2855 2
-0.0459684 0.28 2

0.06 0.280186 2
0.059895 0.28 2

0.062976 0.2855 2
0.06 0.280186 2

-0.0459684 0.28 2
-0.0459375 0.2745 2

0.059895 0.28 2
0.0568012 0.2745 2

-0.0459375 0.2745 2
-0.0459066 0.269 2

0.0545 0.270305 2
0.0537781 0.269 2

0.0568012 0.2745 2
0.0545 0.270305 2

-0.0459066 0.269 2
-0.0458758 0.2635 2

0.0537781 0.269 2
0.0507633 0.2635 2

-0.0458758 0.2635 2
-0.0458449 0.258 2

0.049 0.260214 2
0.0477983 0.258 2

0.0507633 0.2635 2
0.049 0.260214 2

-0.0458449 0.258 2
-0.0458141 0.2525 2

0.0477983 0.258 2
0.0448612 0.2525 2

-0.0458141 0.2525 2
-0.0457832 0.247 2

0.0435 0.249905 2
0.0419551 0.247 2

0.0448612 0.2525 2
0.0435 0.249905 2

-0.0457832 0.247 2
-0.0457524 0.2415 2

0.0419551 0.247 2
0.0390938 0.2415 2

-0.0457524 0.2415 2
-0.0457215 0.236 2

0.038 0.239363 2
0.0362481 0.236 2

0.0390938 0.2415 2
0.038 0.239363 2

-0.0457215 0.236 2
-0.0456907 0.2305 2

0.0362481 0.236 2
0.0334603 0.2305 2

-0.0456907 0.2305 2
-0.0456598 0.225 2

0.0325 0.228575 2
0.0306777 0.225 2

0.0334603 0.2305 2
0.0325 0.228575 2

-0.0456598 0.225 2
-0.045629 0.2195 2

0.0306777 0.225 2
0.0279601 0.2195 2

-0.045629 0.2195 2
-0.0455981 0.214 2

0.027 0.217522 2
0.025245 0.214 2

0.0279601 0.2195 2
0.027 0.217522 2

-0.0455981 0.214 2
-0.0455673 0.2085 2

0.025245 0.214 2
0.0225933 0.2085 2

-0.0455673 0.2085 2
-0.0455365 0.203 2

0.0215 0.20618 2
0.0199519 0.203 2

0.0225933 0.2085 2
0.0215 0.20618 2

-0.0455365 0.203 2
-0.0455056 0.1975 2

0.0199519 0.203 2
0.0173609 0.1975 2

-0.0455056 0.1975 2
-0.0454748 0.192 2

0.016 0.194521 2
0.0148027 0.192 2

0.0173609 0.1975 2
0.016 0.194521 2

-0.0454748 0.192 2
-0.045444 0.1865 2

0.0148027 0.192 2
0.0122651 0.1865 2

-0.045444 0.1865 2
-0.0454132 0.181 2

0.0105 0.182503 2
0.00980409 0.181 2

0.0122651 0.1865 2
0.0105 0.182503 2

-0.0454132 0.181 2
-0.0453824 0.1755 2

0.00980409 0.181 2
0.00731057 0.1755 2

-0.0453824 0.1755 2
-0.0453515 0.17 2

0.005 0.170073 2
0.00496703 0.17 2

0.00731057 0.1755 2
0.005 0.170073 2

-0.0453515 0.17 2
-0.0453207 0.1645 2

0.00496703 0.17 2
0.00250525 0.1645 2

-0.0453207 0.1645 2
-0.0452899 0.159 2

0.00250525 0.1645 2
0.000207793 0.159 2

-0.0452899 0.159 2
-0.0452591 0.1535 2

-0.000500005 0.15726 2
-0.00213711 0.1535 2

0.000207794 0.159 2
-0.000500004 0.15726 2

-0.0452591 0.1535 2
-0.0452283 0.148 2

-0.00213711 0.1535 2
-0.004407 0.148 2

-0.0452283 0.148 2
-0.0451974 0.1425 2

-0.006 0.143903 2
-0.0065933 0.1425 2

-0.004407 0.148 2
-0.006 0.143903 2

-0.0451974 0.1425 2
-0.0451666 0.137 2

-0.0065933 0.1425 2
-0.00885605 0.137 2

-0.0451666 0.137 2
-0.0451358 0.1315 2

-0.00885605 0.137 2
-0.010936 0.1315 2

-0.0451358 0.1315 2
-0.045105 0.126 2

-0.0115 0.129961 2
-0.0131079 0.126 2

-0.010936 0.1315 2
-0.0115 0.129961 2

-0.045105 0.126 2
-0.0450742 0.1205 2

-0.0131079 0.126 2
-0.0151924 0.1205 2

-0.0450742 0.1205 2
-0.0450434 0.115 2

-0.017 0.115271 2
-0.0171065 0.115 2

-0.0151924 0.1205 2
-0.017 0.115271 2

-0.0450434 0.115 2
-0.0450126 0.1095 2

-0.0171065 0.115 2
-0.0192328 0.1095 2

-0.0450126 0.1095 2
-0.0449818 0.104 2

-0.0192328 0.1095 2
-0.0211484 0.104 2

-0.0449818 0.104 2
-0.044951 0.0985 2

-0.0225 0.0997537 2
-0.0229714 0.0985 2

-0.0211484 0.104 2
-0.0225 0.0997537 2

-0.044951 0.0985001 2
-0.0449202 0.0930001 2

-0.0229714 0.0985001 2
-0.0249608 0.0930001 2

-0.0449202 0.093 2
-0.0448893 0.0875 2

-0.0249608 0.093 2
-0.0267243 0.0875 2

-0.0448893 0.0875 2
-0.0448585 0.082 2

-0.028 0.0830563 2
-0.0283786 0.082 2

-0.0267243 0.0875 2
-0.028 0.0830563 2

-0.0448585 0.0820001 2
-0.0448277 0.0765001 2

-0.0283786 0.0820001 2
-0.0302685 0.0765001 2

-0.0448277 0.0765 2
-0.0447969 0.071 2

-0.0302685 0.0765 2
-0.031912 0.071 2

-0.0447969 0.071 2
-0.0447661 0.0655 2

-0.031912 0.071 2
-0.0333184 0.0655 2

-0.0447661 0.0655001 2
-0.0447353 0.0600001 2

-0.0335 0.0647492 2
-0.0350817 0.0600001 2

-0.0333184 0.0655001 2
-0.0335 0.0647492 2

-0.0447353 0.06 2
-0.0447045 0.0545 2

-0.0350817 0.06 2
-0.0366719 0.0545 2

-0.0447045 0.0545 2
-0.0446737 0.049 2

-0.0366719 0.0545 2
-0.037996 0.049 2

-0.0446737 0.0490001 2
-0.0446429 0.0435001 2

-0.039 0.0438847 2
-0.039125 0.0435001 2

-0.037996 0.0490001 2
-0.039 0.0438847 2

-0.0446429 0.0435 2
-0.0446121 0.038 2

-0.039125 0.0435 2
-0.0408219 0.038 2

-0.0446121 0.038 2
-0.0445813 0.0325 2

-0.0408219 0.038 2
-0.0422168 0.0325 2

-0.0445813 0.0325001 2
-0.0445505 0.0270001 2

-0.0422168 0.0325001 2
-0.0433155 0.0270001 2

-0.0445505 0.027 2
-0.0445197 0.0215 2

-0.0433155 0.027 2
-0.0441266 0.0215 2

-0.0445197 0.0215 2
-0.0445 0.0179862 2
