# X-nullcline
3.33235e-05 1.05 1
3.34866e-05 1.0445 1

3.34866e-05 1.0445 1
3.36519e-05 1.039 1

3.36522e-05 1.039 1
3.382e-05 1.0335 1

3.38203e-05 1.0335 1
3.39905e-05 1.028 1

3.3991e-05 1.028 1
3.41642e-05 1.0225 1

3.41642e-05 1.0225 1
3.43402e-05 1.017 1

3.43402e-05 1.017 1
3.4519e-05 1.0115 1

3.4519e-05 1.0115 1
3.47006e-05 1.006 1

3.47006e-05 1.006 1
3.4885e-05 1.0005 1

3.4885e-05 1.0005 1
3.50727e-05 0.995 1

3.50723e-05 0.995 1
3.52627e-05 0.9895 1

3.52627e-05 0.9895 1
3.54559e-05 0.984 1

3.54561e-05 0.984 1
3.56529e-05 0.9785 1

3.56527e-05 0.9785 1
3.58527e-05 0.973 1

3.58525e-05 0.973 1
3.60552e-05 0.9675 1

3.60557e-05 0.9675 1
3.62624e-05 0.962 1

3.62621e-05 0.962 1
3.6472e-05 0.9565 1

3.6472e-05 0.9565 1
3.66853e-05 0.951 1

3.66857e-05 0.951 1
3.69027e-05 0.9455 1

3.69028e-05 0.9455 1
3.71239e-05 0.94 1

3.71237e-05 0.94 1
3.73484e-05 0.9345 1

3.73483e-05 0.9345 1
3.7577e-05 0.929 1

3.75769e-05 0.929 1
3.78094e-05 0.9235 1

3.78095e-05 0.9235 1
3.80459e-05 0.918 1

3.80462e-05 0.918 1
3.82871e-05 0.9125 1

3.82871e-05 0.9125 1
3.85325e-05 0.907 1

3.85324e-05 0.907 1
3.87821e-05 0.9015 1

3.87821e-05 0.9015 1
3.90364e-05 0.896 1

3.90364e-05 0.896 1
3.92958e-05 0.8905 1

3.92954e-05 0.8905 1
3.95589e-05 0.885 1

3.95591e-05 0.885 1
3.98275e-05 0.8795 1

3.98278e-05 0.8795 1
4.01014e-05 0.874 1

4.01015e-05 0.874 1
4.03803e-05 0.8685 1

4.03803e-05 0.8685 1
4.06648e-05 0.863 1

4.06647e-05 0.863 1
4.09549e-05 0.8575 1

0.841 0.85762 1
0.840195 0.8575 1

0.8465 0.858264 1
0.841 0.85762 1

0.852 0.858742 1
0.8465 0.858264 1

0.8575 0.859043 1
0.852 0.858742 1

0.863 0.859154 1
0.8575 0.859043 1

0.8685 0.859063 1
0.863 0.859154 1

0.874 0.858755 1
0.8685 0.859063 1

0.8795 0.858214 1
0.874 0.858755 1

0.884493 0.8575 1
0.8795 0.858214 1

4.09544e-05 0.8575 1
4.12497e-05 0.852 1

0.8135 0.852145 1
0.81297 0.852 1

0.819 0.8535 1
0.8135 0.852145 1

0.8245 0.854733 1
0.819 0.8535 1

0.83 0.855838 1
0.8245 0.854733 1

0.8355 0.856804 1
0.83 0.855838 1

0.840195 0.8575 1
0.8355 0.856804 1

0.884493 0.8575 1
0.885 0.857423 1

0.8905 0.856335 1
0.885 0.857423 1

0.896 0.854953 1
0.8905 0.856335 1

0.9015 0.853257 1
0.896 0.854953 1

0.904949 0.852 1
0.9015 0.853257 1

4.12498e-05 0.852 1
4.1551e-05 0.8465 1

0.797 0.847331 1
0.794505 0.8465 1

0.8025 0.849039 1
0.797 0.847331 1

0.808 0.850648 1
0.8025 0.849039 1

0.81297 0.852 1
0.808 0.850648 1

0.904949 0.852 1
0.907 0.8512 1

0.9125 0.848728 1
0.907 0.8512 1

0.916804 0.8465 1
0.9125 0.848728 1

4.1551e-05 0.8465 1
4.18583e-05 0.841 1

0.7805 0.841561 1
0.779055 0.841 1

0.786 0.843576 1
0.7805 0.841561 1

0.7915 0.845506 1
0.786 0.843576 1

0.794505 0.8465 1
0.7915 0.845506 1

0.916804 0.8465 1
0.918 0.845836 1

0.9235 0.842425 1
0.918 0.845836 1

0.925565 0.841 1
0.9235 0.842425 1

4.18582e-05 0.841 1
4.21717e-05 0.8355 1

0.7695 0.837228 1
0.765358 0.8355 1

0.775 0.839437 1
0.7695 0.837228 1

0.779055 0.841 1
0.775 0.839437 1

0.925565 0.841 1
0.929 0.838453 1

0.932618 0.8355 1
0.929 0.838453 1

4.21715e-05 0.8355 1
4.24911e-05 0.83 1

0.753 0.830098 1
0.752791 0.83 1

0.7585 0.832549 1
0.753 0.830098 1

0.764 0.834938 1
0.7585 0.832549 1

0.765358 0.8355 1
0.764 0.834938 1

0.932618 0.8355 1
0.9345 0.833847 1

0.938535 0.83 1
0.9345 0.833847 1

4.24911e-05 0.83 1
4.28171e-05 0.8245 1

0.742 0.824937 1
0.741116 0.8245 1

0.7475 0.827546 1
0.742 0.824937 1

0.752791 0.83 1
0.7475 0.827546 1

0.938535 0.83 1
0.94 0.828494 1

0.943621 0.8245 1
0.94 0.828494 1

4.28173e-05 0.8245 1
4.315e-05 0.819 1

0.731 0.819482 1
0.730072 0.819 1

0.7365 0.822238 1
0.731 0.819482 1

0.741116 0.8245 1
0.7365 0.822238 1

0.943621 0.8245 1
0.9455 0.822264 1

0.948079 0.819 1
0.9455 0.822264 1

4.315e-05 0.819 1
4.349e-05 0.8135 1

0.72 0.813752 1
0.719537 0.8135 1

0.7255 0.816644 1
0.72 0.813752 1

0.730072 0.819 1
0.7255 0.816644 1

0.948079 0.819 1
0.951 0.815004 1

0.952043 0.8135 1
0.951 0.815004 1

4.34897e-05 0.8135 1
4.38364e-05 0.808 1

0.7145 0.81078 1
0.709443 0.808 1

0.719537 0.8135 1
0.7145 0.81078 1

0.952043 0.8135 1
0.955589 0.808 1

4.38365e-05 0.808 1
4.41903e-05 0.8025 1

0.7035 0.804661 1
0.699734 0.8025 1

0.709 0.807758 1
0.7035 0.804661 1

0.709443 0.808 1
0.709 0.807758 1

0.955589 0.808 1
0.9565 0.806481 1

0.958785 0.8025 1
0.9565 0.806481 1

4.41906e-05 0.8025 1
4.45521e-05 0.797 1

0.6925 0.798303 1
0.690319 0.797 1

0.698 0.801513 1
0.6925 0.798303 1

0.699734 0.8025 1
0.698 0.801513 1

0.958785 0.8025 1
0.961703 0.797 1

4.45522e-05 0.797 1
4.49214e-05 0.7915 1

0.6815 0.791717 1
0.68115 0.7915 1

0.687 0.795034 1
0.6815 0.791717 1

0.690319 0.797 1
0.687 0.795034 1

0.961703 0.797 1
0.962 0.796403 1

0.964349 0.7915 1
0.962 0.796403 1

4.49216e-05 0.7915 1
4.52986e-05 0.786 1

0.676 0.788334 1
0.672266 0.786 1

0.68115 0.7915 1
0.676 0.788334 1

0.964349 0.7915 1
0.966789 0.786 1

4.52989e-05 0.786 1
4.56846e-05 0.7805 1

0.665 0.781423 1
0.663574 0.7805 1

0.6705 0.784905 1
0.665 0.781423 1

0.672266 0.786 1
0.6705 0.784905 1

0.966789 0.786 1
0.9675 0.784288 1

0.969025 0.7805 1
0.9675 0.784288 1

4.56845e-05 0.7805 1
4.6079e-05 0.775 1

0.6595 0.777886 1
0.655075 0.775 1

0.663574 0.7805 1
0.6595 0.777886 1

0.969025 0.7805 1
0.97109 0.775 1

4.60786e-05 0.775 1
4.64814e-05 0.7695 1

0.6485 0.770671 1
0.646761 0.7695 1

0.654 0.774305 1
0.6485 0.770671 1

0.655075 0.775 1
0.654 0.774305 1

0.97109 0.775 1
0.973 0.769525 1

0.973008 0.7695 1
0.973 0.769525 1

4.64816e-05 0.7695 1
4.68935e-05 0.764 1

0.643 0.766989 1
0.638595 0.764 1

0.646761 0.7695 1
0.643 0.766989 1

0.973008 0.7695 1
0.974773 0.764 1

4.68935e-05 0.764 1
4.73144e-05 0.7585 1

0.632 0.759489 1
0.630586 0.7585 1

0.6375 0.763263 1
0.632 0.759489 1

0.638595 0.764 1
0.6375 0.763263 1

0.974773 0.764 1
0.976417 0.7585 1

4.73148e-05 0.7585 1
4.77461e-05 0.753 1

0.6265 0.755668 1
0.622711 0.753 1

0.630586 0.7585 1
0.6265 0.755668 1

0.976417 0.7585 1
0.97795 0.753 1

4.77456e-05 0.753 1
4.81866e-05 0.7475 1

0.6155 0.747899 1
0.614948 0.7475 1

0.621 0.751805 1
0.6155 0.747899 1

0.622711 0.753 1
0.621 0.751805 1

0.97795 0.753 1
0.9785 0.7509 1

0.979373 0.7475 1
0.9785 0.7509 1

4.81866e-05 0.7475 1
4.86379e-05 0.742 1

0.61 0.743948 1
0.607329 0.742 1

0.614948 0.7475 1
0.61 0.743948 1

0.979373 0.7475 1
0.980699 0.742 1

4.86377e-05 0.742 1
4.90993e-05 0.7365 1

0.6045 0.739955 1
0.599794 0.7365 1

0.607329 0.742 1
0.6045 0.739955 1

0.980699 0.742 1
0.98194 0.7365 1

4.90996e-05 0.7365 1
4.95724e-05 0.731 1

0.5935 0.731848 1
0.592374 0.731 1

0.599 0.735922 1
0.5935 0.731848 1

0.599794 0.7365 1
0.599 0.735922 1

0.98194 0.7365 1
0.9831 0.731 1

4.95724e-05 0.731 1
5.00563e-05 0.7255 1

0.588 0.727733 1
0.585056 0.7255 1

0.592374 0.731 1
0.588 0.727733 1

0.9831 0.731 1
0.984 0.726451 1

0.984185 0.7255 1
0.984 0.726451 1

5.00567e-05 0.7255 1
5.05527e-05 0.72 1

0.5825 0.723579 1
0.577812 0.72 1

0.585056 0.7255 1
0.5825 0.723579 1

0.984185 0.7255 1
0.985197 0.72 1

5.05526e-05 0.72 1
5.10607e-05 0.7145 1

0.5715 0.715153 1
0.570664 0.7145 1

0.577 0.719385 1
0.5715 0.715153 1

0.577812 0.72 1
0.577 0.719385 1

0.985197 0.72 1
0.986145 0.7145 1

5.10607e-05 0.7145 1
5.15813e-05 0.709 1

0.566 0.710885 1
0.563605 0.709 1

0.570664 0.7145 1
0.566 0.710885 1

0.986145 0.7145 1
0.987034 0.709 1

5.15815e-05 0.709 1
5.21154e-05 0.7035 1

0.5605 0.706578 1
0.556613 0.7035 1

0.563605 0.709 1
0.5605 0.706578 1

0.987034 0.709 1
0.987867 0.7035 1

5.21154e-05 0.7035 1
5.26626e-05 0.698 1

0.555 0.702233 1
0.549688 0.698 1

0.556613 0.7035 1
0.555 0.702233 1

0.987867 0.7035 1
0.988649 0.698 1

5.26627e-05 0.698 1
5.32237e-05 0.6925 1

0.544 0.693437 1
0.54285 0.6925 1

0.5495 0.697851 1
0.544 0.693437 1

0.549688 0.698 1
0.5495 0.697851 1

0.988649 0.698 1
0.989383 0.6925 1

5.3224e-05 0.6925 1
5.37997e-05 0.687 1

0.5385 0.688986 1
0.536076 0.687 1

0.54285 0.6925 1
0.5385 0.688986 1

0.989383 0.6925 1
0.9895 0.691568 1

0.990069 0.687 1
0.9895 0.691568 1

5.37999e-05 0.687 1
5.43906e-05 0.6815 1

0.533 0.684499 1
0.529362 0.6815 1

0.536076 0.687 1
0.533 0.684499 1

0.990069 0.687 1
0.990712 0.6815 1

5.43909e-05 0.6815 1
5.49974e-05 0.676 1

0.5275 0.679977 1
0.522706 0.676 1

0.529362 0.6815 1
0.5275 0.679977 1

0.990712 0.6815 1
0.991316 0.676 1

5.49975e-05 0.676 1
5.56204e-05 0.6705 1

0.5165 0.670828 1
0.516112 0.6705 1

0.522 0.675419 1
0.5165 0.670828 1

0.522706 0.676 1
0.522 0.675419 1

0.991316 0.676 1
0.991884 0.6705 1

5.56202e-05 0.6705 1
5.62598e-05 0.665 1

0.511 0.666207 1
0.509581 0.665 1

0.516112 0.6705 1
0.511 0.666207 1

0.991884 0.6705 1
0.992416 0.665 1

5.62598e-05 0.665 1
5.69168e-05 0.6595 1

0.5055 0.661552 1
0.503103 0.6595 1

0.509581 0.665 1
0.5055 0.661552 1

0.992416 0.665 1
0.992915 0.6595 1

5.6917e-05 0.6595 1
5.75921e-05 0.654 1

0.5 0.656863 1
0.496676 0.654 1

0.503103 0.6595 1
0.5 0.656863 1

0.992915 0.6595 1
0.993384 0.654 1

5.75922e-05 0.654 1
5.82864e-05 0.6485 1

0.4945 0.65214 1
0.490299 0.6485 1

0.496676 0.654 1
0.4945 0.65214 1

0.993384 0.654 1
0.993824 0.6485 1

5.82863e-05 0.6485 1
5.89998e-05 0.643 1

0.489 0.647383 1
0.483971 0.643 1

0.490299 0.6485 1
0.489 0.647383 1

0.993824 0.6485 1
0.994237 0.643 1

5.9e-05 0.643 1
5.97346e-05 0.6375 1

0.478 0.637773 1
0.477692 0.6375 1

0.4835 0.642593 1
0.478 0.637773 1

0.483971 0.643 1
0.4835 0.642593 1

0.994237 0.643 1
0.994624 0.6375 1

5.97342e-05 0.6375 1
6.04899e-05 0.632 1

0.4725 0.632927 1
0.471461 0.632 1

0.477692 0.6375 1
0.4725 0.632927 1

0.994624 0.6375 1
0.994987 0.632 1

6.04897e-05 0.632 1
6.12671e-05 0.6265 1

0.467 0.628048 1
0.465275 0.6265 1

0.471461 0.632 1
0.467 0.628048 1

0.994987 0.632 1
0.995 0.631797 1

0.995327 0.6265 1
0.995 0.631797 1

6.12672e-05 0.6265 1
6.20675e-05 0.621 1

0.4615 0.623137 1
0.459132 0.621 1

0.465275 0.6265 1
0.4615 0.623137 1

0.995327 0.6265 1
0.995646 0.621 1

6.20678e-05 0.621 1
6.28922e-05 0.6155 1

0.456 0.618194 1
0.453031 0.6155 1

0.459132 0.621 1
0.456 0.618194 1

0.995646 0.621 1
0.995945 0.6155 1

6.28923e-05 0.6155 1
6.3742e-05 0.61 1

0.4505 0.613219 1
0.446971 0.61 1

0.453031 0.6155 1
0.4505 0.613219 1

0.995945 0.6155 1
0.996225 0.61 1

6.3742e-05 0.61 1
6.4618e-05 0.6045 1

0.445 0.608214 1
0.440952 0.6045 1

0.446971 0.61 1
0.445 0.608214 1

0.996225 0.61 1
0.996487 0.6045 1

6.46177e-05 0.6045 1
6.55209e-05 0.599 1

0.4395 0.603177 1
0.434972 0.599 1

0.440952 0.6045 1
0.4395 0.603177 1

0.996487 0.6045 1
0.996733 0.599 1

6.55207e-05 0.599 1
6.64522e-05 0.5935 1

0.434 0.598109 1
0.42903 0.5935 1

0.434972 0.599 1
0.434 0.598109 1

0.996733 0.599 1
0.996963 0.5935 1

6.64521e-05 0.5935 1
6.74133e-05 0.588 1

0.4285 0.593011 1
0.423127 0.588 1

0.42903 0.5935 1
0.4285 0.593011 1

0.996963 0.5935 1
0.997178 0.588 1

6.74133e-05 0.588 1
6.84056e-05 0.5825 1

0.4175 0.582729 1
0.417258 0.5825 1

0.423 0.587883 1
0.4175 0.582729 1

0.423127 0.588 1
0.423 0.587883 1

0.997178 0.588 1
0.997379 0.5825 1

6.84055e-05 0.5825 1
6.94301e-05 0.577 1

0.412 0.577548 1
0.411424 0.577 1

0.417258 0.5825 1
0.412 0.577548 1

0.997379 0.5825 1
0.997568 0.577 1

6.94303e-05 0.577 1
7.0489e-05 0.5715 1

0.4065 0.572338 1
0.405624 0.5715 1

0.411424 0.577 1
0.4065 0.572338 1

0.997568 0.577 1
0.997744 0.5715 1

7.0489e-05 0.5715 1
7.15833e-05 0.566 1

0.401 0.567097 1
0.399858 0.566 1

0.405624 0.5715 1
0.401 0.567097 1

0.997744 0.5715 1
0.997908 0.566 1

7.15833e-05 0.566 1
7.27149e-05 0.5605 1

0.3955 0.561828 1
0.394126 0.5605 1

0.399858 0.566 1
0.3955 0.561828 1

0.997908 0.566 1
0.998062 0.5605 1

7.27148e-05 0.5605 1
7.38855e-05 0.555 1

0.39 0.556529 1
0.388426 0.555 1

0.394126 0.5605 1
0.39 0.556529 1

0.998062 0.5605 1
0.998205 0.555 1

7.38854e-05 0.555 1
7.50972e-05 0.5495 1

0.3845 0.5512 1
0.382759 0.5495 1

0.388426 0.555 1
0.3845 0.5512 1

0.998205 0.555 1
0.998339 0.5495 1

7.5097e-05 0.5495 1
7.63517e-05 0.544 1

0.379 0.545843 1
0.377122 0.544 1

0.382759 0.5495 1
0.379 0.545843 1

0.998339 0.5495 1
0.998463 0.544 1

7.63517e-05 0.544 1
7.76513e-05 0.5385 1

0.3735 0.540457 1
0.371517 0.5385 1

0.377122 0.544 1
0.3735 0.540457 1

0.998463 0.544 1
0.99858 0.5385 1

7.76514e-05 0.5385 1
7.8999e-05 0.533 1

0.368 0.535041 1
0.365941 0.533 1

0.371517 0.5385 1
0.368 0.535041 1

0.99858 0.5385 1
0.998688 0.533 1

7.89986e-05 0.533 1
8.0396e-05 0.5275 1

0.3625 0.529597 1
0.360395 0.5275 1

0.365941 0.533 1
0.3625 0.529597 1

0.998688 0.533 1
0.998789 0.5275 1

8.03958e-05 0.5275 1
8.18456e-05 0.522 1

0.357 0.524125 1
0.354878 0.522 1

0.360395 0.5275 1
0.357 0.524125 1

0.998789 0.5275 1
0.998882 0.522 1

8.18453e-05 0.522 1
8.33501e-05 0.5165 1

0.3515 0.518623 1
0.34939 0.5165 1

0.354878 0.522 1
0.3515 0.518623 1

0.998882 0.522 1
0.99897 0.5165 1

8.33501e-05 0.5165 1
8.49133e-05 0.511 1

0.346 0.513093 1
0.34393 0.511 1

0.34939 0.5165 1
0.346 0.513093 1

0.99897 0.5165 1
0.999051 0.511 1

8.4913e-05 0.511 1
8.65376e-05 0.5055 1

0.3405 0.507535 1
0.338498 0.5055 1

0.34393 0.511 1
0.3405 0.507535 1

0.999051 0.511 1
0.999126 0.5055 1

8.65373e-05 0.5055 1
8.82265e-05 0.5 1

0.335 0.501948 1
0.333093 0.5 1

0.338498 0.5055 1
0.335 0.501948 1

0.999126 0.5055 1
0.999196 0.5 1

8.82265e-05 0.5 1
8.99839e-05 0.4945 1

0.3295 0.496332 1
0.327715 0.4945 1

0.333093 0.5 1
0.3295 0.496332 1

0.999196 0.5 1
0.999261 0.4945 1

8.9984e-05 0.4945 1
9.18135e-05 0.489 1

0.324 0.490687 1
0.322364 0.489 1

0.327715 0.4945 1
0.324 0.490687 1

0.999261 0.4945 1
0.999321 0.489 1

9.18136e-05 0.489 1
9.37199e-05 0.4835 1

0.3185 0.485013 1
0.31704 0.4835 1

0.322364 0.489 1
0.3185 0.485013 1

0.999321 0.489 1
0.999376 0.4835 1

9.37198e-05 0.4835 1
9.57069e-05 0.478 1

0.313 0.47931 1
0.311741 0.478 1

0.31704 0.4835 1
0.313 0.47931 1

0.999376 0.4835 1
0.999428 0.478 1

9.57067e-05 0.478 1
9.77796e-05 0.4725 1

0.3075 0.473578 1
0.306469 0.4725 1

0.311741 0.478 1
0.3075 0.473578 1

0.999428 0.478 1
0.999476 0.4725 1

9.77794e-05 0.4725 1
9.9943e-05 0.467 1

0.302 0.467816 1
0.301224 0.467 1

0.306469 0.4725 1
0.302 0.467816 1

0.999476 0.4725 1
0.99952 0.467 1

9.99429e-05 0.467 1
0.000102203 0.4615 1

0.2965 0.462024 1
0.296004 0.4615 1

0.301224 0.467 1
0.2965 0.462024 1

0.99952 0.467 1
0.99956 0.4615 1

0.000102203 0.4615 1
0.000104565 0.456 1

0.291 0.456201 1
0.29081 0.456 1

0.296004 0.4615 1
0.291 0.456201 1

0.99956 0.4615 1
0.999598 0.456 1

0.000104565 0.456 1
0.000107036 0.4505 1

0.29081 0.456 1
0.285636 0.4505 1

0.999598 0.456 1
0.999633 0.4505 1

0.000107036 0.4505 1
0.000109624 0.445 1

0.2855 0.450355 1
0.280476 0.445 1

0.285636 0.4505 1
0.2855 0.450355 1

0.999633 0.4505 1
0.999665 0.445 1

0.000109623 0.445 1
0.000112334 0.4395 1

0.28 0.444491 1
0.27534 0.4395 1

0.280476 0.445 1
0.28 0.444491 1

0.999665 0.445 1
0.999694 0.4395 1

0.000112334 0.4395 1
0.000115176 0.434 1

0.2745 0.438597 1
0.270227 0.434 1

0.27534 0.4395 1
0.2745 0.438597 1

0.999694 0.4395 1
0.999721 0.434 1

0.000115176 0.434 1
0.000118159 0.4285 1

0.269 0.432673 1
0.265138 0.4285 1

0.270227 0.434 1
0.269 0.432673 1

0.999721 0.434 1
0.999746 0.4285 1

0.000118159 0.4285 1
0.000121291 0.423 1

0.2635 0.426719 1
0.260073 0.423 1

0.265138 0.4285 1
0.2635 0.426719 1

0.999746 0.4285 1
0.999769 0.423 1

0.000121292 0.423 1
0.000124585 0.4175 1

0.258 0.420735 1
0.255032 0.4175 1

0.260073 0.423 1
0.258 0.420735 1

0.999769 0.423 1
0.99979 0.4175 1

0.000124585 0.4175 1
0.000128051 0.412 1

0.2525 0.414719 1
0.250016 0.412 1

0.255032 0.4175 1
0.2525 0.414719 1

0.99979 0.4175 1
0.999809 0.412 1

0.000128051 0.412 1
0.000131702 0.4065 1

0.247 0.40867 1
0.245026 0.4065 1

0.250016 0.412 1
0.247 0.40867 1

0.999809 0.412 1
0.999827 0.4065 1

0.000131701 0.4065 1
0.00013555 0.401 1

0.2415 0.402588 1
0.240061 0.401 1

0.245026 0.4065 1
0.2415 0.402588 1

0.999827 0.4065 1
0.999843 0.401 1

0.00013555 0.401 1
0.000139612 0.3955 1

0.236 0.396471 1
0.235124 0.3955 1

0.240061 0.401 1
0.236 0.396471 1

0.999843 0.401 1
0.999858 0.3955 1

0.000139612 0.3955 1
0.000143903 0.39 1

0.2305 0.390318 1
0.230214 0.39 1

0.235124 0.3955 1
0.2305 0.390318 1

0.999858 0.3955 1
0.999872 0.39 1

0.000143904 0.39 1
0.000148443 0.3845 1

0.230214 0.39 1
0.225308 0.3845 1

0.999872 0.39 1
0.999884 0.3845 1

0.000148443 0.3845 1
0.000153249 0.379 1

0.225 0.384153 1
0.220403 0.379 1

0.225308 0.3845 1
0.225 0.384153 1

0.999884 0.3845 1
0.999895 0.379 1

0.000153249 0.379 1
0.000158344 0.3735 1

0.2195 0.377975 1
0.215524 0.3735 1

0.220403 0.379 1
0.2195 0.377975 1

0.999895 0.379 1
0.999905 0.3735 1

0.000158344 0.3735 1
0.000163752 0.368 1

0.214 0.371762 1
0.210669 0.368 1

0.215524 0.3735 1
0.214 0.371762 1

0.999905 0.3735 1
0.999915 0.368 1

0.000163752 0.368 1
0.0001695 0.3625 1

0.2085 0.365513 1
0.205842 0.3625 1

0.210669 0.368 1
0.2085 0.365513 1

0.999915 0.368 1
0.999923 0.3625 1

0.0001695 0.3625 1
0.000175617 0.357 1

0.203 0.359225 1
0.201044 0.357 1

0.205842 0.3625 1
0.203 0.359225 1

0.999923 0.3625 1
0.999931 0.357 1

0.000175617 0.357 1
0.000182135 0.3515 1

0.1975 0.352896 1
0.196276 0.3515 1

0.201044 0.357 1
0.1975 0.352896 1

0.999931 0.357 1
0.999938 0.3515 1

0.000182135 0.3515 1
0.000189091 0.346 1

0.192 0.346525 1
0.191541 0.346 1

0.196276 0.3515 1
0.192 0.346525 1

0.999938 0.3515 1
0.999944 0.346 1

0.000189091 0.346 1
0.000196525 0.3405 1

0.191541 0.346 1
0.186807 0.3405 1

0.999944 0.346 1
0.99995 0.3405 1

0.000196525 0.3405 1
0.000204482 0.335 1

0.1865 0.34014 1
0.182053 0.335 1

0.186807 0.3405 1
0.1865 0.34014 1

0.99995 0.3405 1
0.999955 0.335 1

0.000204482 0.335 1
0.000213013 0.3295 1

0.181 0.333757 1
0.177328 0.3295 1

0.182053 0.335 1
0.181 0.333757 1

0.999955 0.335 1
0.99996 0.3295 1

0.000213014 0.3295 1
0.000222176 0.324 1

0.1755 0.327332 1
0.172634 0.324 1

0.177328 0.3295 1
0.1755 0.327332 1

0.99996 0.3295 1
0.999964 0.324 1

0.000222176 0.324 1
0.000232034 0.3185 1

0.17 0.32086 1
0.167974 0.3185 1

0.172634 0.324 1
0.17 0.32086 1

0.999964 0.324 1
0.999968 0.3185 1

0.000232034 0.3185 1
0.000242658 0.313 1

0.1645 0.31434 1
0.163352 0.313 1

0.167974 0.3185 1
0.1645 0.31434 1

0.999968 0.3185 1
0.999972 0.313 1

0.000242658 0.313 1
0.000254132 0.3075 1

0.159 0.307765 1
0.158773 0.3075 1

0.163352 0.313 1
0.159 0.307765 1

0.999972 0.313 1
0.999975 0.3075 1

0.000254132 0.3075 1
0.000266548 0.302 1

0.158773 0.3075 1
0.154142 0.302 1

0.999975 0.3075 1
0.999978 0.302 1

0.000266548 0.302 1
0.000280012 0.2965 1

0.1535 0.30122 1
0.149514 0.2965 1

0.154142 0.302 1
0.1535 0.30122 1

0.999978 0.302 1
0.99998 0.2965 1

0.000280012 0.2965 1
0.000294645 0.291 1

0.148 0.29465 1
0.144922 0.291 1

0.149514 0.2965 1
0.148 0.29465 1

0.99998 0.2965 1
0.999982 0.291 1

0.000294645 0.291 1
0.000310586 0.2855 1

0.1425 0.288026 1
0.140372 0.2855 1

0.144922 0.291 1
0.1425 0.288026 1

0.999982 0.291 1
0.999984 0.2855 1

0.000310586 0.2855 1
0.000327996 0.28 1

0.137 0.281342 1
0.135869 0.28 1

0.140372 0.2855 1
0.137 0.281342 1

0.999984 0.2855 1
0.999986 0.28 1

0.000327996 0.28 1
0.000347059 0.2745 1

0.1315 0.274594 1
0.131421 0.2745 1

0.135869 0.28 1
0.1315 0.274594 1

0.999986 0.28 1
0.999988 0.2745 1

0.000347059 0.2745 1
0.00036799 0.269 1

0.131421 0.2745 1
0.126864 0.269 1

0.999988 0.2745 1
0.999989 0.269 1

0.00036799 0.269 1
0.00039104 0.2635 1

0.126 0.267916 1
0.122334 0.2635 1

0.126864 0.269 1
0.126 0.267916 1

0.999989 0.269 1
0.999991 0.2635 1

0.00039104 0.2635 1
0.000416504 0.258 1

0.1205 0.261188 1
0.117852 0.258 1

0.122334 0.2635 1
0.1205 0.261188 1

0.999991 0.2635 1
0.999992 0.258 1

0.000416504 0.258 1
0.000444726 0.2525 1

0.115 0.254393 1
0.113424 0.2525 1

0.117852 0.258 1
0.115 0.254393 1

0.999992 0.258 1
0.999993 0.2525 1

0.000444726 0.2525 1
0.000476116 0.247 1

0.1095 0.247525 1
0.109061 0.247 1

0.113424 0.2525 1
0.1095 0.247525 1

0.999993 0.2525 1
0.999994 0.247 1

0.000476116 0.247 1
0.000511164 0.2415 1

0.109061 0.247 1
0.104623 0.2415 1

0.999994 0.247 1
0.999994 0.2415 1

0.000511165 0.2415 1
0.000550455 0.236 1

0.104 0.240696 1
0.100148 0.236 1

0.104623 0.2415 1
0.104 0.240696 1

0.999994 0.2415 1
0.999995 0.236 1

0.000550455 0.236 1
0.000594696 0.2305 1

0.0985 0.233867 1
0.0957268 0.2305 1

0.100148 0.236 1
0.0985 0.233867 1

0.999995 0.236 1
0.999996 0.2305 1

0.000594696 0.2305 1
0.000644747 0.225 1

0.093 0.226965 1
0.0913718 0.225 1

0.0957268 0.2305 1
0.093 0.226965 1

0.999996 0.2305 1
0.999996 0.225 1

0.000644747 0.225 1
0.000701664 0.2195 1

0.0875 0.21998 1
0.0870985 0.2195 1

0.0913718 0.225 1
0.0875 0.21998 1

0.999996 0.225 1
0.999997 0.2195 1

0.000701664 0.2195 1
0.000766752 0.214 1

0.0870985 0.2195 1
0.082702 0.214 1

0.999997 0.2195 1
0.999997 0.214 1

0.000766752 0.214 1
0.000841646 0.2085 1

0.082 0.21307 1
0.078264 0.2085 1

0.082702 0.214 1
0.082 0.21307 1

0.999997 0.214 1
0.999998 0.2085 1

0.000841646 0.2085 1
0.00092841 0.203 1

0.0765 0.206161 1
0.0738881 0.203 1

0.078264 0.2085 1
0.0765 0.206161 1

0.999998 0.2085 1
0.999998 0.203 1

0.000928411 0.203 1
0.00102969 0.1975 1

0.071 0.19918 1
0.0695908 0.1975 1

0.0738881 0.203 1
0.071 0.19918 1

0.999998 0.203 1
0.999998 0.1975 1

0.00102969 0.1975 1
0.00114892 0.192 1

0.0655 0.192123 1
0.0653946 0.192 1

0.0695908 0.1975 1
0.0655 0.192123 1

0.999998 0.1975 1
0.999998 0.192 1

0.00114892 0.192 1
0.00129065 0.1865 1

0.0653946 0.192 1
0.0609214 0.1865 1

0.999998 0.192 1
0.999999 0.1865 1

0.00129065 0.1865 1
0.00146096 0.181 1

0.06 0.185252 1
0.0564603 0.181 1

0.0609214 0.1865 1
0.06 0.185252 1

0.999999 0.1865 1
0.999999 0.181 1

0.00146096 0.181 1
0.00166826 0.1755 1

0.0545 0.178365 1
0.0520503 0.1755 1

0.0564603 0.181 1
0.0545 0.178365 1

0.999999 0.181 1
0.999999 0.1755 1

0.00166826 0.1755 1
0.00192438 0.17 1

0.049 0.17146 1
0.0477028 0.17 1

0.0520503 0.1755 1
0.049 0.17146 1

0.999999 0.1755 1
0.999999 0.17 1

0.00192438 0.17 1
0.00224656 0.1645 1

0.0435 0.164571 1
0.0434328 0.1645 1

0.0477028 0.17 1
0.0435 0.164571 1

0.999999 0.17 1
0.999999 0.1645 1

0.00224656 0.1645 1
0.00266084 0.159 1

0.0434328 0.1645 1
0.0387324 0.159 1

0.999999 0.1645 1
0.999999 0.159 1

0.00266084 0.159 1
0.00320843 0.1535 1

0.038 0.158012 1
0.0339241 0.1535 1

0.0387324 0.159 1
0.038 0.158012 1

0.999999 0.159 1
0.999999 0.1535 1

0.00320843 0.1535 1
0.00395858 0.148 1

0.0325 0.151645 1
0.0289375 0.148 1

0.0339241 0.1535 1
0.0325 0.151645 1

0.999999 0.1535 1
1 0.148 1

0.00395858 0.148 1
0.005 0.142674 1

0.00505375 0.1425 1
0.005 0.142674 1

0.027 0.145622 1
0.0235387 0.1425 1

0.0289374 0.148 1
0.027 0.145622 1

1 0.148 1
1 0.1425 1

0.00505375 0.1425 1
0.00799169 0.137 1

0.0215 0.140245 1
0.0170311 0.137 1

0.0235387 0.1425 1
0.0215 0.140245 1

1 0.1425 1
1 0.137 1

0.00799169 0.137 1
0.0105 0.134824 1

0.016 0.136059 1
0.0105 0.134824 1

0.0170311 0.137 1
0.016 0.136059 1

1 0.137 1
1 0.1315 1

1 0.1315 1
1 0.126 1

1 0.126 1
1 0.1205 1

1 0.1205 1
1 0.115 1

1 0.115 1
1 0.1095 1

1 0.1095 1
1 0.104 1

1 0.104 1
1 0.0985 1

1 0.0985001 1
1 0.0930001 1

1 0.093 1
1 0.0875 1

1 0.0875 1
1 0.082 1

1 0.0820001 1
1 0.0765001 1

1 0.0765 1
1 0.071 1

1 0.071 1
1 0.0655 1

1 0.0655001 1
1 0.0600001 1

1 0.06 1
1 0.0545 1

1 0.0545 1
1 0.049 1

1 0.0490001 1
1 0.0435001 1

1 0.0435 1
1 0.038 1

1 0.038 1
1 0.0325 1

1 0.0325001 1
1 0.0270001 1

1 0.027 1
1 0.0215 1

1 0.0215 1
1 0.016 1

1 0.0160001 1
1 0.0105001 1

1 0.0105 1
1 0.005 1

1 0.00500004 1
1 -0.000499964 1

1 -0.000499923 1
1 -0.00599992 1

1 -0.006 1
1 -0.0115 1

1 -0.0115 1
1 -0.017 1

1 -0.0169999 1
1 -0.0224999 1

1 -0.0225 1
1 -0.028 1

1 -0.028 1
1 -0.0335 1

1 -0.0334999 1
1 -0.0389999 1

1 -0.039 1
1 -0.0445 1

1.0335 0.945817 2
1.03145 0.9455 2

1.039 0.946653 2
1.0335 0.945817 2

1.0445 0.947475 2
1.039 0.946653 2

1.05 0.948284 2
1.0445 0.947475 2

1.0005 0.940497 2
0.997589 0.94 2

1.006 0.94142 2
1.0005 0.940497 2

1.0115 0.942328 2
1.006 0.94142 2

1.017 0.943222 2
1.0115 0.942328 2

1.0225 0.944101 2
1.017 0.943222 2

1.028 0.944967 2
1.0225 0.944101 2

1.03145 0.9455 2
1.028 0.944967 2

0.9675 0.934626 2
0.966835 0.9345 2

0.973 0.935644 2
0.9675 0.934626 2

0.9785 0.936646 2
0.973 0.935644 2

0.984 0.937632 2
0.9785 0.936646 2

0.9895 0.938603 2
0.984 0.937632 2

0.995 0.939558 2
0.9895 0.938603 2

0.997589 0.94 2
0.995 0.939558 2

0.94 0.929273 2
0.938663 0.929 2

0.9455 0.930378 2
0.94 0.929273 2

0.951 0.931465 2
0.9455 0.930378 2

0.9565 0.932535 2
0.951 0.931465 2

0.962 0.933589 2
0.9565 0.932535 2

0.966835 0.9345 2
0.962 0.933589 2

0.918 0.924668 2
0.912631 0.9235 2

0.9235 0.925847 2
0.918 0.924668 2

0.929 0.927007 2
0.9235 0.925847 2

0.9345 0.928149 2
0.929 0.927007 2

0.938663 0.929 2
0.9345 0.928149 2

0.8905 0.918483 2
0.888455 0.918 2

0.896 0.919759 2
0.8905 0.918483 2

0.9015 0.921015 2
0.896 0.919759 2

0.907 0.922253 2
0.9015 0.921015 2

0.9125 0.923471 2
0.907 0.922253 2

0.912631 0.9235 2
0.9125 0.923471 2

0.8685 0.913168 2
0.865842 0.9125 2

0.874 0.914527 2
0.8685 0.913168 2

0.8795 0.915866 2
0.874 0.914527 2

0.885 0.917185 2
0.8795 0.915866 2

0.888455 0.918 2
0.885 0.917185 2

0.8465 0.90751 2
0.844597 0.907 2

0.852 0.908956 2
0.8465 0.90751 2

0.8575 0.910382 2
0.852 0.908956 2

0.863 0.911786 2
0.8575 0.910382 2

0.865842 0.9125 2
0.863 0.911786 2

0.83 0.903028 2
0.824539 0.9015 2

0.8355 0.904544 2
0.83 0.903028 2

0.841 0.906038 2
0.8355 0.904544 2

0.844597 0.907 2
0.841 0.906038 2

0.808 0.896723 2
0.805574 0.896 2

0.8135 0.898335 2
0.808 0.896723 2

0.819 0.899923 2
0.8135 0.898335 2

0.8245 0.901489 2
0.819 0.899923 2

0.824539 0.9015 2
0.8245 0.901489 2

0.7915 0.891735 2
0.787536 0.8905 2

0.797 0.893422 2
0.7915 0.891735 2

0.8025 0.895085 2
0.797 0.893422 2

0.805574 0.896 2
0.8025 0.895085 2

0.775 0.886517 2
0.770342 0.885 2

0.7805 0.888282 2
0.775 0.886517 2

0.786 0.890023 2
0.7805 0.888282 2

0.787536 0.8905 2
0.786 0.890023 2

0.7585 0.88106 2
0.753918 0.8795 2

0.764 0.882906 2
0.7585 0.88106 2

0.7695 0.884726 2
0.764 0.882906 2

0.770342 0.885 2
0.7695 0.884726 2

0.742 0.875357 2
0.738189 0.874 2

0.7475 0.877286 2
0.742 0.875357 2

0.753 0.879188 2
0.7475 0.877286 2

0.753918 0.8795 2
0.753 0.879188 2

0.7255 0.869398 2
0.723087 0.8685 2

0.731 0.871413 2
0.7255 0.869398 2

0.7365 0.8734 2
0.731 0.871413 2

0.738189 0.874 2
0.7365 0.8734 2

0.709 0.863177 2
0.708547 0.863 2

0.7145 0.865279 2
0.709 0.863177 2

0.72 0.867354 2
0.7145 0.865279 2

0.723087 0.8685 2
0.72 0.867354 2

0.698 0.858876 2
0.694556 0.8575 2

0.7035 0.861041 2
0.698 0.858876 2

0.708547 0.863 2
0.7035 0.861041 2

0.6815 0.852196 2
0.681031 0.852 2

0.687 0.854453 2
0.6815 0.852196 2

0.6925 0.856681 2
0.687 0.854453 2

0.694556 0.8575 2
0.6925 0.856681 2

0.6705 0.847582 2
0.667977 0.8465 2

0.676 0.849904 2
0.6705 0.847582 2

0.681031 0.852 2
0.676 0.849904 2

0.6595 0.842839 2
0.655324 0.841 2

0.665 0.845227 2
0.6595 0.842839 2

0.667977 0.8465 2
0.665 0.845227 2

0.6485 0.837964 2
0.64305 0.8355 2

0.654 0.840419 2
0.6485 0.837964 2

0.655324 0.841 2
0.654 0.840419 2

0.632 0.830398 2
0.631159 0.83 2

0.6375 0.832953 2
0.632 0.830398 2

0.643 0.835477 2
0.6375 0.832953 2

0.64305 0.8355 2
0.643 0.835477 2

0.621 0.82518 2
0.6196 0.8245 2

0.6265 0.827805 2
0.621 0.82518 2

0.631159 0.83 2
0.6265 0.827805 2

0.61 0.81982 2
0.608355 0.819 2

0.6155 0.822517 2
0.61 0.81982 2

0.6196 0.8245 2
0.6155 0.822517 2

0.599 0.814316 2
0.597406 0.8135 2

0.6045 0.817086 2
0.599 0.814316 2

0.608355 0.819 2
0.6045 0.817086 2

0.588 0.808665 2
0.586734 0.808 2

0.5935 0.811509 2
0.588 0.808665 2

0.597406 0.8135 2
0.5935 0.811509 2

0.577 0.802865 2
0.576323 0.8025 2

0.5825 0.805783 2
0.577 0.802865 2

0.586734 0.808 2
0.5825 0.805783 2

0.5715 0.799907 2
0.56616 0.797 2

0.576323 0.8025 2
0.5715 0.799907 2

0.5605 0.793877 2
0.556249 0.7915 2

0.566 0.796913 2
0.5605 0.793877 2

0.56616 0.797 2
0.566 0.796913 2

0.5495 0.787691 2
0.546556 0.786 2

0.555 0.790805 2
0.5495 0.787691 2

0.556249 0.7915 2
0.555 0.790805 2

0.5385 0.781346 2
0.537066 0.7805 2

0.544 0.784539 2
0.5385 0.781346 2

0.546556 0.786 2
0.544 0.784539 2

0.533 0.778112 2
0.527771 0.775 2

0.537066 0.7805 2
0.533 0.778112 2

0.522 0.771523 2
0.518692 0.7695 2

0.5275 0.774839 2
0.522 0.771523 2

0.527771 0.775 2
0.5275 0.774839 2

0.511 0.764768 2
0.509778 0.764 2

0.5165 0.768166 2
0.511 0.764768 2

0.518692 0.7695 2
0.5165 0.768166 2

0.5055 0.761326 2
0.501042 0.7585 2

0.509778 0.764 2
0.5055 0.761326 2

0.4945 0.754316 2
0.492479 0.753 2

0.5 0.757843 2
0.4945 0.754316 2

0.501042 0.7585 2
0.5 0.757843 2

0.489 0.750746 2
0.484062 0.7475 2

0.492479 0.753 2
0.489 0.750746 2

0.478 0.743474 2
0.475818 0.742 2

0.4835 0.747132 2
0.478 0.743474 2

0.484062 0.7475 2
0.4835 0.747132 2

0.4725 0.739771 2
0.467702 0.7365 2

0.475818 0.742 2
0.4725 0.739771 2

0.4615 0.732231 2
0.459743 0.731 2

0.467 0.736024 2
0.4615 0.732231 2

0.467702 0.7365 2
0.467 0.736024 2

0.456 0.728392 2
0.451911 0.7255 2

0.459743 0.731 2
0.456 0.728392 2

0.445 0.720577 2
0.444206 0.72 2

0.4505 0.724508 2
0.445 0.720577 2

0.451911 0.7255 2
0.4505 0.724508 2

0.4395 0.716598 2
0.436641 0.7145 2

0.444206 0.72 2
0.4395 0.716598 2

0.434 0.712573 2
0.429179 0.709 2

0.436641 0.7145 2
0.434 0.712573 2

0.423 0.704378 2
0.421847 0.7035 2

0.4285 0.7085 2
0.423 0.704378 2

0.429179 0.709 2
0.4285 0.7085 2

0.4175 0.700208 2
0.414629 0.698 2

0.421847 0.7035 2
0.4175 0.700208 2

0.412 0.695989 2
0.40751 0.6925 2

0.414629 0.698 2
0.412 0.695989 2

0.401 0.687401 2
0.400497 0.687 2

0.4065 0.69172 2
0.401 0.687401 2

0.40751 0.6925 2
0.4065 0.69172 2

0.3955 0.683032 2
0.393601 0.6815 2

0.400497 0.687 2
0.3955 0.683032 2

0.39 0.678612 2
0.386795 0.676 2

0.393601 0.6815 2
0.39 0.678612 2

0.3845 0.67414 2
0.380079 0.6705 2

0.386795 0.676 2
0.3845 0.67414 2

0.3735 0.66504 2
0.373453 0.665 2

0.379 0.669617 2
0.3735 0.66504 2

0.380079 0.6705 2
0.379 0.669617 2

0.368 0.660411 2
0.366934 0.6595 2

0.373453 0.665 2
0.368 0.660411 2

0.3625 0.655729 2
0.3605 0.654 2

0.366934 0.6595 2
0.3625 0.655729 2

0.357 0.650993 2
0.354147 0.6485 2

0.3605 0.654 2
0.357 0.650993 2

0.3515 0.646201 2
0.347874 0.643 2

0.354147 0.6485 2
0.3515 0.646201 2

0.346 0.641355 2
0.341681 0.6375 2

0.347874 0.643 2
0.346 0.641355 2

0.3405 0.636452 2
0.335565 0.632 2

0.341681 0.6375 2
0.3405 0.636452 2

0.335 0.631493 2
0.329525 0.6265 2

0.335565 0.632 2
0.335 0.631493 2

0.324 0.621404 2
0.323569 0.621 2

0.3295 0.626477 2
0.324 0.621404 2

0.329525 0.6265 2
0.3295 0.626477 2

0.3185 0.616273 2
0.317684 0.6155 2

0.323569 0.621 2
0.3185 0.616273 2

0.313 0.611083 2
0.31187 0.61 2

0.317684 0.6155 2
0.313 0.611083 2

0.3075 0.605834 2
0.306124 0.6045 2

0.31187 0.61 2
0.3075 0.605834 2

0.302 0.600523 2
0.300446 0.599 2

0.306124 0.6045 2
0.302 0.600523 2

0.2965 0.595152 2
0.294834 0.5935 2

0.300446 0.599 2
0.2965 0.595152 2

0.291 0.589719 2
0.289286 0.588 2

0.294834 0.5935 2
0.291 0.589719 2

0.2855 0.584223 2
0.283801 0.5825 2

0.289286 0.588 2
0.2855 0.584223 2

0.28 0.578664 2
0.278378 0.577 2

0.283801 0.5825 2
0.28 0.578664 2

0.2745 0.573041 2
0.273016 0.5715 2

0.278378 0.577 2
0.2745 0.573041 2

0.269 0.567352 2
0.267713 0.566 2

0.273016 0.5715 2
0.269 0.567352 2

0.2635 0.561597 2
0.262468 0.5605 2

0.267713 0.566 2
0.2635 0.561597 2

0.258 0.555775 2
0.257279 0.555 2

0.262468 0.5605 2
0.258 0.555775 2

0.2525 0.549885 2
0.252146 0.5495 2

0.257279 0.555 2
0.2525 0.549885 2

0.252146 0.5495 2
0.247069 0.544 2

0.247 0.543926 2
0.24205 0.5385 2

0.247069 0.544 2
0.247 0.543926 2

0.2415 0.537899 2
0.237085 0.533 2

0.24205 0.5385 2
0.2415 0.537899 2

0.236 0.531802 2
0.23217 0.5275 2

0.237085 0.533 2
0.236 0.531802 2

0.2305 0.525632 2
0.227306 0.522 2

0.23217 0.5275 2
0.2305 0.525632 2

0.225 0.519388 2
0.222491 0.5165 2

0.227306 0.522 2
0.225 0.519388 2

0.2195 0.513069 2
0.217725 0.511 2

0.222491 0.5165 2
0.2195 0.513069 2

0.214 0.506673 2
0.213006 0.5055 2

0.217725 0.511 2
0.214 0.506673 2

0.2085 0.500198 2
0.208334 0.5 2

0.213006 0.5055 2
0.2085 0.500198 2

0.208334 0.5 2
0.203716 0.4945 2

0.203 0.493651 2
0.199144 0.489 2

0.203716 0.4945 2
0.203 0.493651 2

0.1975 0.487023 2
0.194616 0.4835 2

0.199144 0.489 2
0.1975 0.487023 2

0.192 0.480312 2
0.190131 0.478 2

0.194616 0.4835 2
0.192 0.480312 2

0.1865 0.473515 2
0.18569 0.4725 2

0.190131 0.478 2
0.1865 0.473515 2

0.18569 0.4725 2
0.181294 0.467 2

0.181 0.466633 2
0.176946 0.4615 2

0.181294 0.467 2
0.181 0.466633 2

0.1755 0.459672 2
0.172638 0.456 2

0.176946 0.4615 2
0.1755 0.459672 2

0.17 0.452619 2
0.168371 0.4505 2

0.172638 0.456 2
0.17 0.452619 2

0.1645 0.445468 2
0.164145 0.445 2

0.168371 0.4505 2
0.1645 0.445468 2

0.164145 0.445 2
0.159963 0.4395 2

0.159 0.438235 2
0.155821 0.434 2

0.159963 0.4395 2
0.159 0.438235 2

0.1535 0.430906 2
0.151719 0.4285 2

0.155821 0.434 2
0.1535 0.430906 2

0.148 0.42347 2
0.147657 0.423 2

0.151719 0.4285 2
0.148 0.42347 2

0.147657 0.423 2
0.143635 0.4175 2

0.1425 0.415947 2
0.139651 0.412 2

0.143635 0.4175 2
0.1425 0.415947 2

0.137 0.408318 2
0.135707 0.4065 2

0.139651 0.412 2
0.137 0.408318 2

0.135707 0.4065 2
0.131802 0.401 2

0.1315 0.400575 2
0.127932 0.3955 2

0.131802 0.401 2
0.1315 0.400575 2

0.126 0.39274 2
0.124102 0.39 2

0.127932 0.3955 2
0.126 0.39274 2

0.1205 0.384775 2
0.120312 0.3845 2

0.124102 0.39 2
0.1205 0.384775 2

0.120312 0.3845 2
0.116553 0.379 2

0.115 0.376716 2
0.112833 0.3735 2

0.116553 0.379 2
0.115 0.376716 2

0.1095 0.36852 2
0.109155 0.368 2

0.112833 0.3735 2
0.1095 0.36852 2

0.109155 0.368 2
0.105505 0.3625 2

0.104 0.360218 2
0.101893 0.357 2

0.105505 0.3625 2
0.104 0.360218 2

0.0985 0.35177 2
0.0983262 0.3515 2

0.101893 0.357 2
0.0985 0.35177 2

0.0983262 0.3515 2
0.0947804 0.346 2

0.093 0.343214 2
0.091276 0.3405 2

0.0947804 0.346 2
0.093 0.343214 2

0.091276 0.3405 2
0.0878159 0.335 2

0.0875 0.334498 2
0.0843725 0.3295 2

0.0878159 0.335 2
0.0875 0.334498 2

0.082 0.325659 2
0.0809782 0.324 2

0.0843725 0.3295 2
0.082 0.325659 2

0.0809782 0.324 2
0.0776145 0.3185 2

0.0765 0.316665 2
0.0742789 0.313 2

0.0776145 0.3185 2
0.0765 0.316665 2

0.0742789 0.313 2
0.0710011 0.3075 2

0.071 0.307498 2
0.0677225 0.302 2

0.0710011 0.3075 2
0.071 0.307498 2

0.0655 0.298202 2
0.0645023 0.2965 2

0.0677225 0.302 2
0.0655 0.298202 2

0.0645023 0.2965 2
0.0613078 0.291 2

0.06 0.288722 2
0.0581441 0.2855 2

0.0613078 0.291 2
0.06 0.288722 2

0.0581441 0.2855 2
0.0550337 0.28 2

0.0545 0.279052 2
0.0519255 0.2745 2

0.0550337 0.28 2
0.0545 0.279052 2

0.049 0.26919 2
0.0488944 0.269 2

0.0519255 0.2745 2
0.049 0.26919 2

0.0488944 0.269 2
0.0458452 0.2635 2

0.0435 0.259149 2
0.0428734 0.258 2

0.0458452 0.2635 2
0.0435 0.259149 2

0.0428734 0.258 2
0.0399023 0.2525 2

0.038 0.248889 2
0.0369905 0.247 2

0.0399023 0.2525 2
0.038 0.248889 2

0.0369905 0.247 2
0.0340957 0.2415 2

0.0325 0.238397 2
0.0312456 0.236 2

0.0340957 0.2415 2
0.0325 0.238397 2

0.0312456 0.236 2
0.0284247 0.2305 2

0.027 0.227657 2
0.0256391 0.225 2

0.0284247 0.2305 2
0.027 0.227657 2

0.0256391 0.225 2
0.0228887 0.2195 2

0.0215 0.216652 2
0.020172 0.214 2

0.0228887 0.2195 2
0.0215 0.216652 2

0.020172 0.214 2
0.0174881 0.2085 2

0.016 0.205358 2
0.0148466 0.203 2

0.0174881 0.2085 2
0.016 0.205358 2

0.0148466 0.203 2
0.0122237 0.1975 2

0.0105 0.193745 2
0.00966716 0.192 2

0.0122237 0.1975 2
0.0105 0.193745 2

0.00966716 0.192 2
0.00709804 0.1865 2

0.005 0.181773 2
0.00464037 0.181 2

0.00709804 0.1865 2
0.005 0.181773 2

0.00464037 0.181 2
0.00211569 0.1755 2

0.00211569 0.1755 2
-0.000253189 0.17 2

-0.000500005 0.169421 2
-0.00271518 0.1645 2

-0.000253189 0.17 2
-0.000500004 0.169421 2

-0.00271518 0.1645 2
-0.00504129 0.159 2

-0.006 0.156655 2
-0.00738074 0.1535 2

-0.00504129 0.159 2
-0.006 0.156655 2

-0.00738074 0.1535 2
-0.00967897 0.148 2

-0.0115 0.143341 2
-0.0118577 0.1425 2

-0.00967897 0.148 2
-0.0115 0.143341 2

-0.0118577 0.1425 2
-0.0141484 0.137 2

-0.0141484 0.137 2
-0.0162543 0.1315 2

-0.017 0.129476 2
-0.0184182 0.126 2

-0.0162543 0.1315 2
-0.017 0.129476 2

-0.0184182 0.126 2
-0.0205282 0.1205 2

-0.0205282 0.1205 2
-0.0224452 0.115 2

-0.0225 0.11484 2
-0.0245835 0.1095 2

-0.0224452 0.115 2
-0.0225 0.11484 2

-0.0245835 0.1095 2
-0.0265222 0.104 2

-0.028 0.0993846 2
-0.0283343 0.0985 2

-0.0265222 0.104 2
-0.028 0.0993846 2

-0.0283343 0.0985001 2
-0.0303464 0.0930001 2

-0.0303464 0.093 2
-0.0321306 0.0875 2

-0.0335 0.0827594 2
-0.0337736 0.082 2

-0.0321306 0.0875 2
-0.0335 0.0827594 2

-0.0337736 0.0820001 2
-0.0356835 0.0765001 2

-0.0356835 0.0765 2
-0.0373452 0.071 2

-0.0373452 0.071 2
-0.0387678 0.0655 2

-0.039 0.0645459 2
-0.0405209 0.0600001 2

-0.0387678 0.0655001 2
-0.039 0.0645459 2

-0.0405209 0.06 2
-0.0421264 0.0545 2

-0.0421264 0.0545 2
-0.043464 0.049 2

-0.0445 0.0437603 2
-0.0445849 0.0435001 2

-0.043464 0.0490001 2
-0.0445 0.0437603 2

-0.0445849 0.0435 2
-0.0462936 0.038 2

-0.0462936 0.038 2
-0.0476985 0.0325 2

-0.0476985 0.0325001 2
-0.0488056 0.0270001 2

-0.0488056 0.027 2
-0.0496233 0.0215 2
