# X-nullcline
0.00145741 1.05 1
0.00146062 1.0445 1

0.00146062 1.0445 1
0.00146387 1.039 1

0.00146387 1.039 1
0.00146716 1.0335 1

0.00146716 1.0335 1
0.00147049 1.028 1

0.00147049 1.028 1
0.00147387 1.0225 1

0.00147387 1.0225 1
0.00147728 1.017 1

0.00147728 1.017 1
0.00148075 1.0115 1

0.00148075 1.0115 1
0.00148425 1.006 1

0.00148425 1.006 1
0.00148781 1.0005 1

0.00148781 1.0005 1
0.00149141 0.995 1

0.00149141 0.995 1
0.00149505 0.9895 1

0.00149505 0.9895 1
0.00149875 0.984 1

0.00149875 0.984 1
0.0015025 0.9785 1

0.0015025 0.9785 1
0.00150629 0.973 1

0.00150629 0.973 1
0.00151014 0.9675 1

0.00151014 0.9675 1
0.00151404 0.962 1

0.00151404 0.962 1
0.001518 0.9565 1

0.001518 0.9565 1
0.00152201 0.951 1

0.00152201 0.951 1
0.00152608 0.9455 1

0.00152608 0.9455 1
0.0015302 0.94 1

0.0015302 0.94 1
0.00153438 0.9345 1

0.00153438 0.9345 1
0.00153862 0.929 1

0.00153862 0.929 1
0.00154293 0.9235 1

0.00154293 0.9235 1
0.00154729 0.918 1

0.00154729 0.918 1
0.00155172 0.9125 1

0.00155172 0.9125 1
0.00155621 0.907 1

0.00155621 0.907 1
0.00156077 0.9015 1

0.00156077 0.9015 1
0.0015654 0.896 1

0.0015654 0.896 1
0.0015701 0.8905 1

0.0015701 0.8905 1
0.00157487 0.885 1

0.00157487 0.885 1
0.00157971 0.8795 1

0.00157971 0.8795 1
0.00158463 0.874 1

0.00158463 0.874 1
0.00158962 0.8685 1

0.00158962 0.8685 1
0.00159469 0.863 1

0.00159469 0.863 1
0.00159984 0.8575 1

0.00159984 0.8575 1
0.00160507 0.852 1

0.00160507 0.852 1
0.00161038 0.8465 1

0.00161038 0.8465 1
0.00161578 0.841 1

0.00161578 0.841 1
0.00162127 0.8355 1

0.00162127 0.8355 1
0.00162685 0.83 1

0.00162685 0.83 1
0.00163251 0.8245 1

0.00163251 0.8245 1
0.00163828 0.819 1

0.00163828 0.819 1
0.00164413 0.8135 1

0.00164413 0.8135 1
0.00165009 0.808 1

0.00165009 0.808 1
0.00165615 0.8025 1

0.00165615 0.8025 1
0.00166231 0.797 1

0.00166231 0.797 1
0.00166858 0.7915 1

0.00166858 0.7915 1
0.00167496 0.786 1

0.00167496 0.786 1
0.00168144 0.7805 1

0.00168144 0.7805 1
0.00168805 0.775 1

0.00168805 0.775 1
0.00169477 0.7695 1

0.00169477 0.7695 1
0.00170161 0.764 1

0.00170161 0.764 1
0.00170858 0.7585 1

0.00170858 0.7585 1
0.00171567 0.753 1

0.00171567 0.753 1
0.0017229 0.7475 1

0.0017229 0.7475 1
0.00173026 0.742 1

0.00173026 0.742 1
0.00173776 0.7365 1

0.00173776 0.7365 1
0.0017454 0.731 1

0.0017454 0.731 1
0.00175319 0.7255 1

0.00175319 0.7255 1
0.00176113 0.72 1

0.00176113 0.72 1
0.00176922 0.7145 1

0.00176922 0.7145 1
0.00177747 0.709 1

0.00177747 0.709 1
0.00178589 0.7035 1

0.00178589 0.7035 1
0.00179448 0.698 1

0.00179448 0.698 1
0.00180324 0.6925 1

0.00180324 0.6925 1
0.00181218 0.687 1

0.00181218 0.687 1
0.0018213 0.6815 1

0.0018213 0.6815 1
0.00183062 0.676 1

0.00183062 0.676 1
0.00184013 0.6705 1

0.00184013 0.6705 1
0.00184984 0.665 1

0.00184984 0.665 1
0.00185977 0.6595 1

0.00185977 0.6595 1
0.00186991 0.654 1

0.00186991 0.654 1
0.00188027 0.6485 1

0.00188027 0.6485 1
0.00189086 0.643 1

0.00189086 0.643 1
0.00190169 0.6375 1

0.00190169 0.6375 1
0.00191276 0.632 1

0.00191276 0.632 1
0.00192409 0.6265 1

0.00192409 0.6265 1
0.00193569 0.621 1

0.00193569 0.621 1
0.00194755 0.6155 1

0.00194755 0.6155 1
0.00195969 0.61 1

0.00195969 0.61 1
0.00197213 0.6045 1

0.00197213 0.6045 1
0.00198487 0.599 1

0.00198487 0.599 1
0.00199792 0.5935 1

0.00199792 0.5935 1
0.00201129 0.588 1

0.00201129 0.588 1
0.002025 0.5825 1

0.002025 0.5825 1
0.00203906 0.577 1

0.00203906 0.577 1
0.00205347 0.5715 1

0.00205347 0.5715 1
0.00206827 0.566 1

0.00206827 0.566 1
0.00208345 0.5605 1

0.00208345 0.5605 1
0.00209904 0.555 1

0.00209904 0.555 1
0.00211505 0.5495 1

0.00211505 0.5495 1
0.0021315 0.544 1

0.0021315 0.544 1
0.0021484 0.5385 1

0.0021484 0.5385 1
0.00216578 0.533 1

0.00216578 0.533 1
0.00218366 0.5275 1

0.00218366 0.5275 1
0.00220205 0.522 1

0.00220205 0.522 1
0.00222097 0.5165 1

0.00222097 0.5165 1
0.00224046 0.511 1

0.00224046 0.511 1
0.00226053 0.5055 1

0.00226053 0.5055 1
0.00228122 0.5 1

0.00228122 0.5 1
0.00230255 0.4945 1

0.00230255 0.4945 1
0.00232454 0.489 1

0.00232454 0.489 1
0.00234724 0.4835 1

0.00234724 0.4835 1
0.00237066 0.478 1

0.00237067 0.478 1
0.00239486 0.4725 1

0.00239486 0.4725 1
0.00241987 0.467 1

0.00241987 0.467 1
0.00244572 0.4615 1

0.00244572 0.4615 1
0.00247246 0.456 1

0.00247246 0.456 1
0.00250013 0.4505 1

0.00250013 0.4505 1
0.00252879 0.445 1

0.00252879 0.445 1
0.00255848 0.4395 1

0.00255848 0.4395 1
0.00258926 0.434 1

0.687 0.434461 1
0.681944 0.434 1

0.6925 0.43491 1
0.687 0.434461 1

0.698 0.435307 1
0.6925 0.43491 1

0.7035 0.43565 1
0.698 0.435307 1

0.709 0.435939 1
0.7035 0.43565 1

0.7145 0.436171 1
0.709 0.435939 1

0.72 0.436344 1
0.7145 0.436171 1

0.7255 0.436459 1
0.72 0.436344 1

0.731 0.436512 1
0.7255 0.436459 1

0.7365 0.436502 1
0.731 0.436512 1

0.742 0.436427 1
0.7365 0.436502 1

0.7475 0.436286 1
0.742 0.436427 1

0.753 0.436076 1
0.7475 0.436286 1

0.7585 0.435795 1
0.753 0.436076 1

0.764 0.435442 1
0.7585 0.435795 1

0.7695 0.435013 1
0.764 0.435442 1

0.775 0.434506 1
0.7695 0.435013 1

0.779759 0.434 1
0.775 0.434506 1

0.00258926 0.434 1
0.00262119 0.4285 1

0.643 0.429096 1
0.639266 0.4285 1

0.6485 0.429928 1
0.643 0.429096 1

0.654 0.430716 1
0.6485 0.429928 1

0.6595 0.431458 1
0.654 0.430716 1

0.665 0.432155 1
0.6595 0.431458 1

0.6705 0.432804 1
0.665 0.432155 1

0.676 0.433406 1
0.6705 0.432804 1

0.6815 0.43396 1
0.676 0.433406 1

0.681944 0.434 1
0.6815 0.43396 1

0.779759 0.434 1
0.7805 0.433919 1

0.786 0.433239 1
0.7805 0.433919 1

0.7915 0.432473 1
0.786 0.433239 1

0.797 0.431617 1
0.7915 0.432473 1

0.8025 0.430668 1
0.797 0.431617 1

0.808 0.429624 1
0.8025 0.430668 1

0.813412 0.4285 1
0.808 0.429624 1

0.00262119 0.4285 1
0.00265434 0.423 1

0.61 0.423211 1
0.608975 0.423 1

0.6155 0.424295 1
0.61 0.423211 1

0.621 0.425338 1
0.6155 0.424295 1

0.6265 0.42634 1
0.621 0.425338 1

0.632 0.427301 1
0.6265 0.42634 1

0.6375 0.42822 1
0.632 0.427301 1

0.639266 0.4285 1
0.6375 0.42822 1

0.813412 0.4285 1
0.8135 0.428481 1

0.819 0.427212 1
0.8135 0.428481 1

0.8245 0.425835 1
0.819 0.427212 1

0.83 0.424347 1
0.8245 0.425835 1

0.834635 0.423 1
0.83 0.424347 1

0.00265434 0.423 1
0.00268876 0.4175 1

0.588 0.41849 1
0.583742 0.4175 1

0.5935 0.419729 1
0.588 0.41849 1

0.599 0.420928 1
0.5935 0.419729 1

0.6045 0.422089 1
0.599 0.420928 1

0.608975 0.423 1
0.6045 0.422089 1

0.834635 0.423 1
0.8355 0.422739 1

0.841 0.420979 1
0.8355 0.422739 1

0.8465 0.419093 1
0.841 0.420979 1

0.850861 0.4175 1
0.8465 0.419093 1

0.00268876 0.4175 1
0.00272455 0.412 1

0.566 0.413174 1
0.561466 0.412 1

0.5715 0.414559 1
0.566 0.413174 1

0.577 0.415905 1
0.5715 0.414559 1

0.5825 0.417214 1
0.577 0.415905 1

0.583742 0.4175 1
0.5825 0.417214 1

0.850861 0.4175 1
0.852 0.417067 1

0.8575 0.414864 1
0.852 0.417067 1

0.863 0.412519 1
0.8575 0.414864 1

0.864161 0.412 1
0.863 0.412519 1

0.00272455 0.412 1
0.00276177 0.4065 1

0.544 0.407291 1
0.54122 0.4065 1

0.5495 0.408816 1
0.544 0.407291 1

0.555 0.410303 1
0.5495 0.408816 1

0.5605 0.411753 1
0.555 0.410303 1

0.561466 0.412 1
0.5605 0.411753 1

0.864161 0.412 1
0.8685 0.409975 1

0.874 0.407261 1
0.8685 0.409975 1

0.875474 0.4065 1
0.874 0.407261 1

0.00276177 0.4065 1
0.0028005 0.401 1

0.5275 0.402527 1
0.522449 0.401 1

0.533 0.40415 1
0.5275 0.402527 1

0.5385 0.405735 1
0.533 0.40415 1

0.54122 0.4065 1
0.5385 0.405735 1

0.875474 0.4065 1
0.8795 0.404326 1

0.885 0.401198 1
0.8795 0.404326 1

0.885335 0.401 1
0.885 0.401198 1

0.0028005 0.401 1
0.00284086 0.3955 1

0.5055 0.395709 1
0.504862 0.3955 1

0.511 0.397467 1
0.5055 0.395709 1

0.5165 0.399186 1
0.511 0.397467 1

0.522 0.400866 1
0.5165 0.399186 1

0.522449 0.401 1
0.522 0.400866 1

0.885335 0.401 1
0.8905 0.397801 1

0.894047 0.3955 1
0.8905 0.397801 1

0.00284086 0.3955 1
0.00288292 0.39 1

0.489 0.390268 1
0.488221 0.39 1

0.4945 0.392121 1
0.489 0.390268 1

0.5 0.393933 1
0.4945 0.392121 1

0.504862 0.3955 1
0.5 0.393933 1

0.894047 0.3955 1
0.896 0.39417 1

0.9015 0.390266 1
0.896 0.39417 1

0.901862 0.39 1
0.9015 0.390266 1

0.00288292 0.39 1
0.00292681 0.3845 1

0.4725 0.384548 1
0.472368 0.3845 1

0.478 0.386495 1
0.4725 0.384548 1

0.4835 0.3884 1
0.478 0.386495 1

0.488221 0.39 1
0.4835 0.3884 1

0.901862 0.39 1
0.907 0.38603 1

0.908907 0.3845 1
0.907 0.38603 1

0.00292681 0.3845 1
0.00297264 0.379 1

0.4615 0.380596 1
0.457199 0.379 1

0.467 0.382593 1
0.4615 0.380596 1

0.472368 0.3845 1
0.467 0.382593 1

0.908907 0.3845 1
0.9125 0.381466 1

0.915321 0.379 1
0.9125 0.381466 1

0.00297264 0.379 1
0.00302053 0.3735 1

0.445 0.374426 1
0.442611 0.3735 1

0.4505 0.376517 1
0.445 0.374426 1

0.456 0.378562 1
0.4505 0.376517 1

0.457199 0.379 1
0.456 0.378562 1

0.915321 0.379 1
0.918 0.376531 1

0.921186 0.3735 1
0.918 0.376531 1

0.00302053 0.3735 1
0.00307063 0.368 1

0.434 0.370175 1
0.428533 0.368 1

0.4395 0.372314 1
0.434 0.370175 1

0.442611 0.3735 1
0.4395 0.372314 1

0.921186 0.3735 1
0.9235 0.371177 1

0.926574 0.368 1
0.9235 0.371177 1

0.00307063 0.368 1
0.00312308 0.3625 1

0.4175 0.363568 1
0.414922 0.3625 1

0.423 0.365803 1
0.4175 0.363568 1

0.4285 0.367987 1
0.423 0.365803 1

0.428533 0.368 1
0.4285 0.367987 1

0.926574 0.368 1
0.929 0.36535 1

0.93154 0.3625 1
0.929 0.36535 1

0.00312308 0.3625 1
0.00317805 0.357 1

0.4065 0.359029 1
0.401719 0.357 1

0.412 0.361311 1
0.4065 0.359029 1

0.414922 0.3625 1
0.412 0.361311 1

0.93154 0.3625 1
0.9345 0.358987 1

0.936134 0.357 1
0.9345 0.358987 1

0.00317805 0.357 1
0.00323572 0.3515 1

0.39 0.351988 1
0.388892 0.3515 1

0.3955 0.354373 1
0.39 0.351988 1

0.401 0.3567 1
0.3955 0.354373 1

0.401719 0.357 1
0.401 0.3567 1

0.936134 0.357 1
0.94 0.35202 1

0.940394 0.3515 1
0.94 0.35202 1

0.00323572 0.3515 1
0.00329629 0.346 1

0.379 0.347169 1
0.376406 0.346 1

0.3845 0.349601 1
0.379 0.347169 1

0.388892 0.3515 1
0.3845 0.349601 1

0.940394 0.3515 1
0.944348 0.346 1

0.00329629 0.346 1
0.00335998 0.3405 1

0.368 0.342235 1
0.364235 0.3405 1

0.3735 0.344714 1
0.368 0.342235 1

0.376406 0.346 1
0.3735 0.344714 1

0.944348 0.346 1
0.9455 0.344301 1

0.948028 0.3405 1
0.9455 0.344301 1

0.00335998 0.3405 1
0.00342702 0.335 1

0.357 0.337188 1
0.352357 0.335 1

0.3625 0.339715 1
0.357 0.337188 1

0.364235 0.3405 1
0.3625 0.339715 1

0.948028 0.3405 1
0.951 0.335752 1

0.951462 0.335 1
0.951 0.335752 1

0.00342702 0.335 1
0.00349767 0.3295 1

0.346 0.332028 1
0.34075 0.3295 1

0.3515 0.334604 1
0.346 0.332028 1

0.352357 0.335 1
0.3515 0.334604 1

0.951462 0.335 1
0.954663 0.3295 1

0.00349767 0.3295 1
0.00357223 0.324 1

0.3295 0.324052 1
0.329395 0.324 1

0.335 0.326757 1
0.3295 0.324052 1

0.3405 0.329382 1
0.335 0.326757 1

0.34075 0.3295 1
0.3405 0.329382 1

0.954663 0.3295 1
0.9565 0.326146 1

0.957657 0.324 1
0.9565 0.326146 1

0.00357223 0.324 1
0.00365102 0.3185 1

0.3185 0.318614 1
0.318274 0.3185 1

0.324 0.321374 1
0.3185 0.318614 1

0.329395 0.324 1
0.324 0.321374 1

0.957657 0.324 1
0.960456 0.3185 1

0.00365102 0.3185 1
0.00373439 0.313 1

0.3075 0.313063 1
0.307377 0.313 1

0.313 0.315881 1
0.3075 0.313063 1

0.318274 0.3185 1
0.313 0.315881 1

0.960456 0.3185 1
0.962 0.315276 1

0.963076 0.313 1
0.962 0.315276 1

0.00373439 0.313 1
0.00382275 0.3075 1

0.302 0.310277 1
0.296688 0.3075 1

0.307377 0.313 1
0.302 0.310277 1

0.963076 0.313 1
0.965529 0.3075 1

0.00382275 0.3075 1
0.00391653 0.302 1

0.291 0.304562 1
0.286194 0.302 1

0.2965 0.307403 1
0.291 0.304562 1

0.296688 0.3075 1
0.2965 0.307403 1

0.965529 0.3075 1
0.9675 0.302795 1

0.967829 0.302 1
0.9675 0.302795 1

0.00391653 0.302 1
0.00401624 0.2965 1

0.28 0.298735 1
0.275885 0.2965 1

0.2855 0.301637 1
0.28 0.298735 1

0.286194 0.302 1
0.2855 0.301637 1

0.967829 0.302 1
0.969982 0.2965 1

0.00401624 0.2965 1
0.00412244 0.291 1

0.269 0.292794 1
0.265756 0.291 1

0.2745 0.295762 1
0.269 0.292794 1

0.275885 0.2965 1
0.2745 0.295762 1

0.969982 0.2965 1
0.972004 0.291 1

0.00412244 0.291 1
0.00423575 0.2855 1

0.258 0.286737 1
0.255801 0.2855 1

0.2635 0.289776 1
0.258 0.286737 1

0.265756 0.291 1
0.2635 0.289776 1

0.972004 0.291 1
0.973 0.288122 1

0.973899 0.2855 1
0.973 0.288122 1

0.00423575 0.2855 1
0.00435689 0.28 1

0.247 0.280562 1
0.246018 0.28 1

0.2525 0.283678 1
0.247 0.280562 1

0.255801 0.2855 1
0.2525 0.283678 1

0.973899 0.2855 1
0.975675 0.28 1

0.00435689 0.28 1
0.00448668 0.2745 1

0.2415 0.277465 1
0.23639 0.2745 1

0.246018 0.28 1
0.2415 0.277465 1

0.975675 0.28 1
0.977343 0.2745 1

0.00448668 0.2745 1
0.00462602 0.269 1

0.2305 0.271132 1
0.226881 0.269 1

0.236 0.274278 1
0.2305 0.271132 1

0.23639 0.2745 1
0.236 0.274278 1

0.977343 0.2745 1
0.9785 0.27044 1

0.978907 0.269 1
0.9785 0.27044 1

0.00462602 0.269 1
0.00477599 0.2635 1

0.2195 0.264677 1
0.217531 0.2635 1

0.225 0.267912 1
0.2195 0.264677 1

0.226881 0.269 1
0.225 0.267912 1

0.978907 0.269 1
0.980373 0.2635 1

0.00477599 0.2635 1
0.0049378 0.258 1

0.2085 0.258093 1
0.208347 0.258 1

0.214 0.261426 1
0.2085 0.258093 1

0.217531 0.2635 1
0.214 0.261426 1

0.980373 0.2635 1
0.981748 0.258 1

0.0049378 0.258 1
0.005 0.256037 1

0.00511521 0.2525 1
0.005 0.256037 1

0.203 0.254816 1
0.199234 0.2525 1

0.208347 0.258 1
0.203 0.254816 1

0.981748 0.258 1
0.983038 0.2525 1

0.00511521 0.2525 1
0.00530959 0.247 1

0.192 0.248075 1
0.190272 0.247 1

0.1975 0.251452 1
0.192 0.248075 1

0.199234 0.2525 1
0.1975 0.251452 1

0.983038 0.2525 1
0.984 0.24813 1

0.984247 0.247 1
0.984 0.24813 1

0.00530959 0.247 1
0.00552185 0.2415 1

0.1865 0.244691 1
0.181453 0.2415 1

0.190272 0.247 1
0.1865 0.244691 1

0.984247 0.247 1
0.985379 0.2415 1

0.00552185 0.2415 1
0.0057545 0.236 1

0.1755 0.237797 1
0.172685 0.236 1

0.181 0.241218 1
0.1755 0.237797 1

0.181453 0.2415 1
0.181 0.241218 1

0.985379 0.2415 1
0.98644 0.236 1

0.0057545 0.236 1
0.00601055 0.2305 1

0.1645 0.230761 1
0.164094 0.2305 1

0.17 0.234311 1
0.1645 0.230761 1

0.172685 0.236 1
0.17 0.234311 1

0.98644 0.236 1
0.987433 0.2305 1

0.00601055 0.2305 1
0.00629365 0.225 1

0.159 0.227269 1
0.155527 0.225 1

0.164094 0.2305 1
0.159 0.227269 1

0.987433 0.2305 1
0.988363 0.225 1

0.00629365 0.225 1
0.00660819 0.2195 1

0.148 0.220083 1
0.14711 0.2195 1

0.1535 0.223693 1
0.148 0.220083 1

0.155527 0.225 1
0.1535 0.223693 1

0.988363 0.225 1
0.989232 0.2195 1

0.00660819 0.2195 1
0.00695959 0.214 1

0.1425 0.216511 1
0.138732 0.214 1

0.14711 0.2195 1
0.1425 0.216511 1

0.989232 0.2195 1
0.9895 0.217694 1

0.990045 0.214 1
0.9895 0.217694 1

0.00695959 0.214 1
0.0073546 0.2085 1

0.1315 0.209187 1
0.130466 0.2085 1

0.137 0.212857 1
0.1315 0.209187 1

0.138732 0.214 1
0.137 0.212857 1

0.990045 0.214 1
0.990804 0.2085 1

0.0073546 0.2085 1
0.00780166 0.203 1

0.126 0.205552 1
0.122224 0.203 1

0.130466 0.2085 1
0.126 0.205552 1

0.990804 0.2085 1
0.991514 0.203 1

0.00780166 0.203 1
0.00831157 0.1975 1

0.115 0.198117 1
0.114077 0.1975 1

0.1205 0.201842 1
0.115 0.198117 1

0.122224 0.203 1
0.1205 0.201842 1

0.991514 0.203 1
0.992175 0.1975 1

0.00831157 0.1975 1
0.00889829 0.192 1

0.1095 0.194447 1
0.105901 0.192 1

0.114077 0.1975 1
0.1095 0.194447 1

0.992175 0.1975 1
0.992792 0.192 1

0.00889829 0.192 1
0.00958024 0.1865 1

0.0985 0.186955 1
0.0978131 0.1865 1

0.104 0.190709 1
0.0985 0.186955 1

0.105901 0.192 1
0.104 0.190709 1

0.992792 0.192 1
0.993367 0.1865 1

0.00958024 0.1865 1
0.0103822 0.181 1

0.093 0.183294 1
0.0895918 0.181 1

0.0978131 0.1865 1
0.093 0.183294 1

0.993367 0.1865 1
0.993903 0.181 1

0.0103822 0.181 1
0.0105 0.180299 1

0.0114221 0.1755 1
0.0105 0.180299 1

0.082 0.175869 1
0.0814245 0.1755 1

0.0875 0.179583 1
0.082 0.175869 1

0.0895918 0.181 1
0.0875 0.179583 1

0.993903 0.181 1
0.994401 0.1755 1

0.0114221 0.1755 1
0.012731 0.17 1

0.0765 0.172302 1
0.0729464 0.17 1

0.0814245 0.1755 1
0.0765 0.172302 1

0.994401 0.1755 1
0.994864 0.17 1

0.012731 0.17 1
0.0144081 0.1645 1

0.0655 0.165218 1
0.0642769 0.1645 1

0.071 0.168718 1
0.0655 0.165218 1

0.0729464 0.17 1
0.071 0.168718 1

0.994864 0.17 1
0.995 0.168261 1

0.995294 0.1645 1
0.995 0.168261 1

0.0144081 0.1645 1
0.016 0.160467 1

0.0167855 0.159 1
0.016 0.160467 1

0.06 0.161921 1
0.0550219 0.159 1

0.0642769 0.1645 1
0.06 0.161921 1

0.995294 0.1645 1
0.995693 0.159 1

0.0167855 0.159 1
0.0209199 0.1535 1

0.049 0.155842 1
0.0440505 0.1535 1

0.0545 0.158684 1
0.049 0.155842 1

0.0550219 0.159 1
0.0545 0.158684 1

0.995693 0.159 1
0.996062 0.1535 1

0.0209199 0.1535 1
0.0215 0.152946 1

0.027 0.15037 1
0.0215 0.152946 1

0.0325 0.150151 1
0.027 0.15037 1

0.038 0.151307 1
0.0325 0.150151 1

0.0435 0.153228 1
0.038 0.151307 1

0.0440505 0.1535 1
0.0435 0.153228 1

0.996062 0.1535 1
0.996404 0.148 1

0.996404 0.148 1
0.996721 0.1425 1

0.996721 0.1425 1
0.997014 0.137 1

0.997014 0.137 1
0.997284 0.1315 1

0.997284 0.1315 1
0.997533 0.126 1

0.997533 0.126 1
0.997762 0.1205 1

0.997762 0.1205 1
0.997973 0.115 1

0.997973 0.115 1
0.998166 0.1095 1

0.998166 0.1095 1
0.998344 0.104 1

0.998344 0.104 1
0.998507 0.0985 1

0.998507 0.0985001 1
0.998655 0.0930001 1

0.998655 0.093 1
0.998791 0.0875 1

0.998791 0.0875 1
0.998915 0.082 1

0.998915 0.0820001 1
0.999028 0.0765001 1

0.999028 0.0765 1
0.999131 0.071 1

0.999131 0.071 1
0.999224 0.0655 1

0.999224 0.0655001 1
0.999309 0.0600001 1

0.999309 0.06 1
0.999385 0.0545 1

0.999385 0.0545 1
0.999454 0.049 1

0.999454 0.0490001 1
0.999516 0.0435001 1

0.999516 0.0435 1
0.999572 0.038 1

0.999572 0.038 1
0.999623 0.0325 1

0.999623 0.0325001 1
0.999668 0.0270001 1

0.999668 0.027 1
0.999708 0.0215 1

0.999708 0.0215 1
0.999744 0.016 1

0.999744 0.0160001 1
0.999776 0.0105001 1

0.999776 0.0105 1
0.999805 0.005 1

0.999805 0.00500004 1
0.99983 -0.000499964 1

0.99983 -0.000499923 1
0.999853 -0.00599992 1

0.999853 -0.006 1
0.999872 -0.0115 1

0.999872 -0.0115 1
0.99989 -0.017 1

0.99989 -0.0169999 1
0.999905 -0.0224999 1

0.999905 -0.0225 1
0.999918 -0.028 1

0.999918 -0.028 1
0.99993 -0.0335 1

0.99993 -0.0334999 1
0.99994 -0.0389999 1

0.99994 -0.039 1
0.999949 -0.0445 1

0.005 -0.0499725 1
4.65661e-10 -0.05 1

0.0105 -0.0499422 1
0.005 -0.0499725 1

0.0105581 -0.05 1
0.0105 -0.0499422 1

1.0445 0.550649 2
1.03975 0.5495 2

1.05 0.55197 2
1.0445 0.550649 2

1.0225 0.545308 2
1.01718 0.544 2

1.028 0.546652 2
1.0225 0.545308 2

1.0335 0.54799 2
1.028 0.546652 2

1.039 0.549321 2
1.0335 0.54799 2

1.03975 0.5495 2
1.039 0.549321 2

1.0005 0.539874 2
0.995005 0.5385 2

1.006 0.541242 2
1.0005 0.539874 2

1.0115 0.542603 2
1.006 0.541242 2

1.017 0.543957 2
1.0115 0.542603 2

1.01718 0.544 2
1.017 0.543957 2

0.9785 0.534344 2
0.973218 0.533 2

0.984 0.535737 2
0.9785 0.534344 2

0.9895 0.537121 2
0.984 0.535737 2

0.995 0.538499 2
0.9895 0.537121 2

0.995005 0.5385 2
0.995 0.538499 2

0.9565 0.528717 2
0.951804 0.5275 2

0.962 0.530134 2
0.9565 0.528717 2

0.9675 0.531543 2
0.962 0.530134 2

0.973 0.532945 2
0.9675 0.531543 2

0.973218 0.533 2
0.973 0.532945 2

0.9345 0.522988 2
0.930755 0.522 2

0.94 0.524431 2
0.9345 0.522988 2

0.9455 0.525866 2
0.94 0.524431 2

0.951 0.527293 2
0.9455 0.525866 2

0.951804 0.5275 2
0.951 0.527293 2

0.9125 0.517156 2
0.910058 0.5165 2

0.918 0.518626 2
0.9125 0.517156 2

0.9235 0.520087 2
0.918 0.518626 2

0.929 0.521539 2
0.9235 0.520087 2

0.930755 0.522 2
0.929 0.521539 2

0.8905 0.511218 2
0.889704 0.511 2

0.896 0.512715 2
0.8905 0.511218 2

0.9015 0.514203 2
0.896 0.512715 2

0.907 0.515682 2
0.9015 0.514203 2

0.910058 0.5165 2
0.907 0.515682 2

0.874 0.506695 2
0.86969 0.5055 2

0.8795 0.508211 2
0.874 0.506695 2

0.885 0.509719 2
0.8795 0.508211 2

0.889704 0.511 2
0.885 0.509719 2

0.852 0.500564 2
0.850004 0.5 2

0.8575 0.502109 2
0.852 0.500564 2

0.863 0.503645 2
0.8575 0.502109 2

0.8685 0.505172 2
0.863 0.503645 2

0.86969 0.5055 2
0.8685 0.505172 2

0.8355 0.495893 2
0.830636 0.4945 2

0.841 0.497459 2
0.8355 0.495893 2

0.8465 0.499015 2
0.841 0.497459 2

0.850004 0.5 2
0.8465 0.499015 2

0.8135 0.489559 2
0.811585 0.489 2

0.819 0.491156 2
0.8135 0.489559 2

0.8245 0.492742 2
0.819 0.491156 2

0.83 0.494319 2
0.8245 0.492742 2

0.830636 0.4945 2
0.83 0.494319 2

0.797 0.484733 2
0.792837 0.4835 2

0.8025 0.486351 2
0.797 0.484733 2

0.808 0.487959 2
0.8025 0.486351 2

0.811585 0.489 2
0.808 0.487959 2

0.775 0.478185 2
0.774388 0.478 2

0.7805 0.479836 2
0.775 0.478185 2

0.786 0.481477 2
0.7805 0.479836 2

0.7915 0.483106 2
0.786 0.481477 2

0.792837 0.4835 2
0.7915 0.483106 2

0.7585 0.473194 2
0.756235 0.4725 2

0.764 0.474869 2
0.7585 0.473194 2

0.7695 0.476532 2
0.764 0.474869 2

0.774388 0.478 2
0.7695 0.476532 2

0.742 0.46813 2
0.738365 0.467 2

0.7475 0.469828 2
0.742 0.46813 2

0.753 0.471515 2
0.7475 0.469828 2

0.756235 0.4725 2
0.753 0.471515 2

0.7255 0.462991 2
0.720774 0.4615 2

0.731 0.464713 2
0.7255 0.462991 2

0.7365 0.466424 2
0.731 0.464713 2

0.738365 0.467 2
0.7365 0.466424 2

0.7035 0.456014 2
0.703456 0.456 2

0.709 0.457775 2
0.7035 0.456014 2

0.7145 0.459522 2
0.709 0.457775 2

0.72 0.461257 2
0.7145 0.459522 2

0.720774 0.4615 2
0.72 0.461257 2

0.687 0.450693 2
0.68641 0.4505 2

0.6925 0.45248 2
0.687 0.450693 2

0.698 0.454253 2
0.6925 0.45248 2

0.703456 0.456 2
0.698 0.454253 2

0.6705 0.44529 2
0.669626 0.445 2

0.676 0.447104 2
0.6705 0.44529 2

0.6815 0.448905 2
0.676 0.447104 2

0.68641 0.4505 2
0.6815 0.448905 2

0.654 0.439804 2
0.653099 0.4395 2

0.6595 0.441646 2
0.654 0.439804 2

0.665 0.443474 2
0.6595 0.441646 2

0.669626 0.445 2
0.665 0.443474 2

0.6375 0.434231 2
0.636824 0.434 2

0.643 0.436103 2
0.6375 0.434231 2

0.6485 0.437959 2
0.643 0.436103 2

0.653099 0.4395 2
0.6485 0.437959 2

0.621 0.428571 2
0.620797 0.4285 2

0.6265 0.430473 2
0.621 0.428571 2

0.632 0.432359 2
0.6265 0.430473 2

0.636824 0.434 2
0.632 0.432359 2

0.61 0.424752 2
0.605014 0.423 2

0.6155 0.426669 2
0.61 0.424752 2

0.620797 0.4285 2
0.6155 0.426669 2

0.5935 0.41894 2
0.589471 0.4175 2

0.599 0.420889 2
0.5935 0.41894 2

0.6045 0.422821 2
0.599 0.420889 2

0.605014 0.423 2
0.6045 0.422821 2

0.577 0.413031 2
0.574161 0.412 2

0.5825 0.415014 2
0.577 0.413031 2

0.588 0.416978 2
0.5825 0.415014 2

0.589471 0.4175 2
0.588 0.416978 2

0.5605 0.407025 2
0.55908 0.4065 2

0.566 0.409042 2
0.5605 0.407025 2

0.5715 0.411041 2
0.566 0.409042 2

0.574161 0.412 2
0.5715 0.411041 2

0.5495 0.40297 2
0.544224 0.401 2

0.555 0.405004 2
0.5495 0.40297 2

0.55908 0.4065 2
0.555 0.405004 2

0.533 0.396794 2
0.529595 0.3955 2

0.5385 0.398865 2
0.533 0.396794 2

0.544 0.400917 2
0.5385 0.398865 2

0.544224 0.401 2
0.544 0.400917 2

0.5165 0.39051 2
0.515181 0.39 2

0.522 0.392621 2
0.5165 0.39051 2

0.5275 0.394711 2
0.522 0.392621 2

0.529595 0.3955 2
0.5275 0.394711 2

0.5055 0.386266 2
0.500983 0.3845 2

0.511 0.388396 2
0.5055 0.386266 2

0.515181 0.39 2
0.511 0.388396 2

0.489 0.379798 2
0.486998 0.379 2

0.4945 0.38197 2
0.489 0.379798 2

0.5 0.384119 2
0.4945 0.38197 2

0.500983 0.3845 2
0.5 0.384119 2

0.478 0.375426 2
0.473219 0.3735 2

0.4835 0.377619 2
0.478 0.375426 2

0.486998 0.379 2
0.4835 0.377619 2

0.4615 0.368761 2
0.459648 0.368 2

0.467 0.370999 2
0.4615 0.368761 2

0.4725 0.373213 2
0.467 0.370999 2

0.473219 0.3735 2
0.4725 0.373213 2

0.4505 0.364255 2
0.446277 0.3625 2

0.456 0.366516 2
0.4505 0.364255 2

0.459648 0.368 2
0.456 0.366516 2

0.434 0.357379 2
0.433106 0.357 2

0.4395 0.35969 2
0.434 0.357379 2

0.445 0.361974 2
0.4395 0.35969 2

0.446277 0.3625 2
0.445 0.361974 2

0.423 0.35273 2
0.420133 0.3515 2

0.4285 0.355066 2
0.423 0.35273 2

0.433106 0.357 2
0.4285 0.355066 2

0.412 0.34802 2
0.407351 0.346 2

0.4175 0.350381 2
0.412 0.34802 2

0.420133 0.3515 2
0.4175 0.350381 2

0.3955 0.340828 2
0.394762 0.3405 2

0.401 0.343246 2
0.3955 0.340828 2

0.4065 0.345634 2
0.401 0.343246 2

0.407351 0.346 2
0.4065 0.345634 2

0.3845 0.335961 2
0.382362 0.335 2

0.39 0.338408 2
0.3845 0.335961 2

0.394762 0.3405 2
0.39 0.338408 2

0.3735 0.331027 2
0.370148 0.3295 2

0.379 0.333504 2
0.3735 0.331027 2

0.382362 0.335 2
0.379 0.333504 2

0.3625 0.326024 2
0.358117 0.324 2

0.368 0.328531 2
0.3625 0.326024 2

0.370148 0.3295 2
0.368 0.328531 2

0.3515 0.320951 2
0.346268 0.3185 2

0.357 0.323489 2
0.3515 0.320951 2

0.358117 0.324 2
0.357 0.323489 2

0.335 0.313192 2
0.3346 0.313 2

0.3405 0.315804 2
0.335 0.313192 2

0.346 0.318376 2
0.3405 0.315804 2

0.346268 0.3185 2
0.346 0.318376 2

0.324 0.307933 2
0.323109 0.3075 2

0.3295 0.310582 2
0.324 0.307933 2

0.3346 0.313 2
0.3295 0.310582 2

0.313 0.302595 2
0.311794 0.302 2

0.3185 0.305283 2
0.313 0.302595 2

0.323109 0.3075 2
0.3185 0.305283 2

0.302 0.297176 2
0.300653 0.2965 2

0.3075 0.299903 2
0.302 0.297176 2

0.311794 0.302 2
0.3075 0.299903 2

0.291 0.291671 2
0.289683 0.291 2

0.2965 0.294441 2
0.291 0.291671 2

0.300653 0.2965 2
0.2965 0.294441 2

0.28 0.286077 2
0.278885 0.2855 2

0.2855 0.288893 2
0.28 0.286077 2

0.289683 0.291 2
0.2855 0.288893 2

0.269 0.280392 2
0.268255 0.28 2

0.2745 0.283256 2
0.269 0.280392 2

0.278885 0.2855 2
0.2745 0.283256 2

0.258 0.274611 2
0.257793 0.2745 2

0.2635 0.277526 2
0.258 0.274611 2

0.268255 0.28 2
0.2635 0.277526 2

0.2525 0.271699 2
0.247497 0.269 2

0.257793 0.2745 2
0.2525 0.271699 2

0.2415 0.265771 2
0.237364 0.2635 2

0.247 0.268735 2
0.2415 0.265771 2

0.247497 0.269 2
0.247 0.268735 2

0.2305 0.259736 2
0.227395 0.258 2

0.236 0.26276 2
0.2305 0.259736 2

0.237364 0.2635 2
0.236 0.26276 2

0.2195 0.253588 2
0.217589 0.2525 2

0.225 0.256676 2
0.2195 0.253588 2

0.227395 0.258 2
0.225 0.256676 2

0.2085 0.247322 2
0.207946 0.247 2

0.214 0.250479 2
0.2085 0.247322 2

0.217589 0.2525 2
0.214 0.250479 2

0.203 0.244162 2
0.19846 0.2415 2

0.207946 0.247 2
0.203 0.244162 2

0.192 0.237715 2
0.189132 0.236 2

0.1975 0.240944 2
0.192 0.237715 2

0.19846 0.2415 2
0.1975 0.240944 2

0.181 0.231132 2
0.179966 0.2305 2

0.1865 0.234444 2
0.181 0.231132 2

0.189132 0.236 2
0.1865 0.234444 2

0.1755 0.227805 2
0.170955 0.225 2

0.179966 0.2305 2
0.1755 0.227805 2

0.1645 0.221014 2
0.162099 0.2195 2

0.17 0.224417 2
0.1645 0.221014 2

0.170955 0.225 2
0.17 0.224417 2

0.1535 0.21406 2
0.153407 0.214 2

0.159 0.217568 2
0.1535 0.21406 2

0.162099 0.2195 2
0.159 0.217568 2

0.148 0.210551 2
0.144858 0.2085 2

0.153407 0.214 2
0.148 0.210551 2

0.137 0.20335 2
0.136476 0.203 2

0.1425 0.206978 2
0.137 0.20335 2

0.144858 0.2085 2
0.1425 0.206978 2

0.1315 0.199709 2
0.128238 0.1975 2

0.136476 0.203 2
0.1315 0.199709 2

0.1205 0.192232 2
0.120167 0.192 2

0.126 0.196001 2
0.1205 0.192232 2

0.128238 0.1975 2
0.126 0.196001 2

0.115 0.188448 2
0.112235 0.1865 2

0.120167 0.192 2
0.115 0.188448 2

0.1095 0.184593 2
0.104472 0.181 2

0.112235 0.1865 2
0.1095 0.184593 2

0.0985 0.176712 2
0.0968501 0.1755 2

0.104 0.180666 2
0.0985 0.176712 2

0.104472 0.181 2
0.104 0.180666 2

0.093 0.172697 2
0.0893875 0.17 2

0.0968501 0.1755 2
0.093 0.172697 2

0.0875 0.168604 2
0.0820924 0.1645 2

0.0893875 0.17 2
0.0875 0.168604 2

0.0765 0.16023 2
0.0749281 0.159 2

0.082 0.164431 2
0.0765 0.16023 2

0.0820924 0.1645 2
0.082 0.164431 2

0.071 0.155948 2
0.0679276 0.1535 2

0.0749281 0.159 2
0.071 0.155948 2

0.0655 0.151578 2
0.0610925 0.148 2

0.0679276 0.1535 2
0.0655 0.151578 2

0.0545 0.142568 2
0.0544196 0.1425 2

0.06 0.147118 2
0.0545 0.142568 2

0.0610925 0.148 2
0.06 0.147118 2

0.049 0.137961 2
0.047879 0.137 2

0.0544196 0.1425 2
0.049 0.137961 2

0.0435 0.133251 2
0.0415026 0.1315 2

0.047879 0.137 2
0.0435 0.133251 2

0.038 0.128431 2
0.0352902 0.126 2

0.0415026 0.1315 2
0.038 0.128431 2

0.0325 0.123494 2
0.0292415 0.1205 2

0.0352902 0.126 2
0.0325 0.123494 2

0.027 0.118434 2
0.0233566 0.115 2

0.0292415 0.1205 2
0.027 0.118434 2

0.0215 0.113241 2
0.0176359 0.1095 2

0.0233566 0.115 2
0.0215 0.113241 2

0.016 0.107904 2
0.0120801 0.104 2

0.0176359 0.1095 2
0.016 0.107904 2

0.0105 0.102409 2
0.00669082 0.0985 2

0.0120801 0.104 2
0.0105 0.102409 2

0.005 0.0967385 2
0.00147059 0.0930001 2

0.00669082 0.0985001 2
0.005 0.0967385 2

-0.000500005 0.09087 2
-0.00357636 0.0875 2

0.00147059 0.093 2
-0.000500004 0.09087 2

-0.006 0.0847734 2
-0.008443 0.082 2

-0.00357636 0.0875 2
-0.006 0.0847734 2

-0.0115 0.0784075 2
-0.013118 0.0765001 2

-0.008443 0.0820001 2
-0.0115 0.0784075 2

-0.017 0.0717152 2
-0.0175831 0.071 2

-0.013118 0.0765 2
-0.017 0.0717152 2

-0.0175831 0.071 2
-0.0218895 0.0655 2

-0.0225 0.0646855 2
-0.0260496 0.0600001 2

-0.0218895 0.0655001 2
-0.0225 0.0646855 2

-0.028 0.0572221 2
-0.0299644 0.0545 2

-0.0260496 0.06 2
-0.028 0.0572221 2

-0.0335 0.0490881 2
-0.0335607 0.049 2

-0.0299644 0.0545 2
-0.0335 0.0490881 2

-0.0335607 0.0490001 2
-0.0371617 0.0435001 2

-0.039 0.040264 2
-0.0404065 0.038 2

-0.0371617 0.0435 2
-0.039 0.040264 2

-0.0404065 0.038 2
-0.0434187 0.0325 2

-0.0445 0.0301855 2
-0.0462615 0.0270001 2

-0.0434187 0.0325001 2
-0.0445 0.0301855 2

-0.0462615 0.027 2
-0.0487748 0.0215 2
